_readme/moea-velma-presentation_2018Feb_tutorial15_hydrology_part1/moeaPortion/5_working_example/BlueRiver_WS10_MOEA/br_heatindex_nad83utm10.asc
ncols         628
nrows         534
xllcorner     553072.11763088
yllcorner     4893995.080683
cellsize      30
NODATA_value  -9999
[rows 500 to 524 of 534, columns 456 to 512 of 628]
-0.4812761 -0.5089272 -0.3350978 -0.3617634 -0.5391003 -0.3799775 -0.3156074 -0.5138997 -0.6750131 -0.5343266 -0.5955802 -0.8919551 -0.7915215 -0.5784757 -0.6758688 -0.8435162 -0.6018635 -0.5985374 -0.736886 -0.6934814 -0.51845 -0.5342053 -0.6577297 -0.3846128 -0.3849079 -0.5673105 -0.6146631 -0.4770715 -0.4342064 -0.6650698 -0.535418 -0.5674697 -0.7722351 -0.8084325 -0.6187413 -0.6487109 -0.9097708 -0.8242013 -0.7908192 -0.8812171 -0.8899452 -0.5606124 -0.391495 -0.3102109 -0.159885 -0.1267669 -0.1392031 -0.1583235 -0.1252523 -0.1332313 -0.1855284 -0.1873069 -0.1686638 -0.1708353 -0.2655089 -0.4136869 -0.5336955
-0.3924593 -0.4941016 -0.3452279 -0.3705788 -0.5305927 -0.4517688 -0.3033038 -0.3915359 -0.6840818 -0.6189839 -0.7345257 -1.011067 -0.9768851 -0.6777777 -0.6872572 -0.9391206 -0.6386827 -0.6226387 -0.8114442 -0.7770399 -0.564783 -0.5599596 -0.6917831 -0.4027595 -0.3479942 -0.4841443 -0.498856 -0.4444758 -0.4021654 -0.5172994 -0.4738794 -0.5029091 -0.6225825 -0.6704335 -0.6119453 -0.6893111 -0.8031611 -0.8101362 -0.7722282 -0.7355762 -0.8047433 -0.5453465 -0.4284313 -0.3867453 -0.2718563 -0.2246654 -0.2169668 -0.2405108 -0.1785262 -0.1516668 -0.1476354 -0.1256824 -0.1729165 -0.1882956 -0.1831321 -0.2423612 -0.4306335
-0.3390864 -0.4658446 -0.2869802 -0.2834319 -0.4128849 -0.4564232 -0.3489525 -0.3705155 -0.6356157 -0.5889935 -0.7067444 -1.016317 -1.007978 -0.6843936 -0.6397231 -0.888198 -0.5696905 -0.5450675 -0.7484798 -0.751483 -0.5622178 -0.5138872 -0.6366006 -0.3824478 -0.257356 -0.3370356 -0.3422417 -0.3084628 -0.1935661 -0.1702528 -0.2444418 -0.3065063 -0.3596424 -0.4252398 -0.5388595 -0.6336613 -0.7003964 -0.7102318 -0.6779538 -0.6240911 -0.6527345 -0.4243069 -0.390348 -0.3814459 -0.2709977 -0.2062963 -0.1783282 -0.1908024 -0.1352053 -0.145301 -0.188076 -0.205875 -0.129279 -0.1167551 -0.1726946 -0.1742217 -0.2927628
-0.4217246 -0.5595831 -0.3156435 -0.251046 -0.3393802 -0.39082 -0.3232312 -0.3667889 -0.6124967 -0.5272648 -0.5653165 -0.892339 -0.9336876 -0.6367654 -0.6265686 -0.8547797 -0.5785699 -0.4879977 -0.6805856 -0.7648247 -0.5848907 -0.3785985 -0.3959661 -0.3296471 -0.2649395 -0.1608804 -0.1218422 -0.2089554 -0.1630084 -0.120422 -0.1221707 -0.1288421 -0.1346154 -0.1987941 -0.277199 -0.3668069 -0.4544468 -0.582929 -0.608613 -0.5923377 -0.6225694 -0.41574 -0.304518 -0.3150607 -0.2396385 -0.1480744 -0.1548236 -0.2116976 -0.1555022 -0.2179166 -0.1618273 -0.1691534 -0.120217 -0.1223225 -0.2122969 -0.2013271 -0.1840468
-0.4507347 -0.630066 -0.3940716 -0.3216344 -0.3956297 -0.4186929 -0.3357793 -0.3479799 -0.6033928 -0.5593174 -0.4975851 -0.70686 -0.8706824 -0.7031692 -0.6201693 -0.7881678 -0.6875899 -0.5059679 -0.538963 -0.6747348 -0.4735203 -0.2024854 -0.1347284 -0.141204 -0.214486 -0.1979811 -0.1274652 -0.2157754 -0.1699863 -0.1323378 -0.1376473 -0.1127933 -0.1186058 -0.1604323 -0.1331733 -0.1894264 -0.2870213 -0.4841936 -0.6341434 -0.5450955 -0.572749 -0.4873836 -0.2809425 -0.2808369 -0.305847 -0.1849065 -0.1804904 -0.2374087 -0.1883646 -0.1905989 -0.1349507 -0.1617851 -0.1251502 -0.1212243 -0.2008501 -0.209996 -0.1207595
-0.4377751 -0.6191981 -0.3613404 -0.2423668 -0.2829612 -0.3117176 -0.2234017 -0.1906524 -0.3431273 -0.3779024 -0.3351063 -0.3319424 -0.4895697 -0.5959257 -0.4480563 -0.4413397 -0.5305679 -0.5451525 -0.3015108 -0.242366 -0.3237871 -0.2056835 -0.117855 -0.1174739 -0.2233083 -0.2409954 -0.1213331 -0.1798699 -0.1881721 -0.1162791 -0.1525333 -0.1181736 -0.1196544 -0.1482082 -0.1282785 -0.1248192 -0.1472665 -0.2334974 -0.4155764 -0.4578578 -0.4169722 -0.460596 -0.3257104 -0.3265317 -0.40887 -0.3044025 -0.2757952 -0.1979802 -0.1787963 -0.1518542 -0.1363491 -0.1350177 -0.1239631 -0.122788 -0.179783 -0.1944946 -0.1169477
-0.4392943 -0.6655549 -0.4800215 -0.250755 -0.2106398 -0.226646 -0.2469588 -0.1476425 -0.1289186 -0.1456787 -0.17249 -0.13355 -0.1398558 -0.2048417 -0.1529773 -0.1212181 -0.1387001 -0.2763816 -0.3354387 -0.2206044 -0.2919678 -0.2665411 -0.1252309 -0.1182725 -0.2158433 -0.2243297 -0.1143 -0.1309431 -0.2275098 -0.1324408 -0.15726 -0.1263967 -0.1274574 -0.1665847 -0.1556412 -0.1167642 -0.1194999 -0.1633058 -0.1594339 -0.2187944 -0.2378207 -0.2884524 -0.2544381 -0.2523149 -0.3633276 -0.363803 -0.2145904 -0.124099 -0.1141907 -0.1717998 -0.1823596 -0.1307157 -0.1256323 -0.1181728 -0.1657708 -0.1973139 -0.1275529
-0.4141228 -0.6513778 -0.6289098 -0.4042115 -0.2345639 -0.2555476 -0.1899963 -0.1739406 -0.116685 -0.112885 -0.140533 -0.1209266 -0.1163038 -0.1617574 -0.1774136 -0.1126492 -0.1142219 -0.2460361 -0.3926753 -0.2482345 -0.2245614 -0.29297 -0.2080835 -0.1217465 -0.1986604 -0.1928457 -0.1125207 -0.1163421 -0.2349025 -0.1615708 -0.1736009 -0.1340522 -0.1345988 -0.1907217 -0.1642169 -0.1127599 -0.1133115 -0.1649063 -0.1176309 -0.1146932 -0.1915536 -0.2000596 -0.1972008 -0.1895332 -0.1720924 -0.2647228 -0.3148408 -0.1572612 -0.1136701 -0.1940426 -0.2125919 -0.120937 -0.1551379 -0.151899 -0.1600968 -0.2401241 -0.2164249
-0.3337746 -0.5181342 -0.5728047 -0.4572817 -0.1794126 -0.1131303 -0.1714315 -0.2442705 -0.1256837 -0.1142189 -0.128769 -0.1242315 -0.1138409 -0.1252237 -0.2059443 -0.129869 -0.1243515 -0.2113718 -0.3607241 -0.2389104 -0.195027 -0.2877719 -0.2627158 -0.1268146 -0.1702345 -0.1635671 -0.12015 -0.1279269 -0.2611109 -0.1502264 -0.1651698 -0.1315107 -0.1262982 -0.1579578 -0.1648499 -0.1221741 -0.1296596 -0.1698119 -0.1397279 -0.1299828 -0.2025968 -0.2216697 -0.1444705 -0.1168577 -0.1138501 -0.1480899 -0.3242799 -0.2499226 -0.1155223 -0.2130812 -0.231913 -0.1164412 -0.2205434 -0.1535028 -0.1255921 -0.2315254 -0.211581
-0.3110691 -0.3822986 -0.3472297 -0.4382508 -0.2901143 -0.1187134 -0.1309731 -0.250703 -0.1786685 -0.1143347 -0.1272366 -0.1272366 -0.11391 -0.119299 -0.2039181 -0.1429245 -0.1306425 -0.2004217 -0.3230692 -0.199472 -0.2036822 -0.3362877 -0.2803704 -0.1245064 -0.1304947 -0.1376449 -0.1248565 -0.1445033 -0.3416204 -0.1827839 -0.1448416 -0.1518808 -0.1236139 -0.1313214 -0.1735222 -0.1310144 -0.1290713 -0.2046374 -0.2247327 -0.1768456 -0.2081511 -0.2231697 -0.150776 -0.1224936 -0.1173172 -0.1281765 -0.2874033 -0.297011 -0.1331326 -0.2415375 -0.2483676 -0.1150455 -0.2188754 -0.1565864 -0.1392757 -0.2499295 -0.2382392
-0.2861491 -0.2130209 -0.1784647 -0.3764744 -0.3561722 -0.1476211 -0.1230792 -0.2075885 -0.2141766 -0.1128575 -0.1290584 -0.127975 -0.1128148 -0.1216526 -0.1967774 -0.1367819 -0.1276049 -0.1651046 -0.3411011 -0.2606528 -0.2342626 -0.4056155 -0.3286773 -0.1240182 -0.1131791 -0.1170852 -0.1151966 -0.1230997 -0.3888509 -0.2754087 -0.1391093 -0.2037766 -0.1238596 -0.1177545 -0.1660562 -0.1220294 -0.1122695 -0.2685829 -0.2485035 -0.1726693 -0.1483403 -0.212223 -0.1353249 -0.1131504 -0.1209498 -0.142381 -0.2972451 -0.3142727 -0.165078 -0.241111 -0.2935806 -0.1191391 -0.1945874 -0.2150202 -0.1987303 -0.1309677 -0.1189262
-0.260929 -0.2617509 -0.1548663 -0.2860012 -0.3021241 -0.1582393 -0.1292074 -0.1960989 -0.2106945 -0.1180906 -0.133919 -0.1520925 -0.1209982 -0.1224544 -0.2125478 -0.1529583 -0.1264408 -0.1141588 -0.2582982 -0.2993788 -0.2093995 -0.4056108 -0.3771871 -0.142568 -0.1124121 -0.1127382 -0.1153351 -0.1203326 -0.3646193 -0.3086314 -0.1581004 -0.2497789 -0.136975 -0.1182895 -0.1326673 -0.1263551 -0.1154217 -0.2505657 -0.2616073 -0.1664369 -0.1344932 -0.1856669 -0.1623565 -0.139524 -0.132644 -0.1311448 -0.2889585 -0.3191372 -0.1676413 -0.1723659 -0.304306 -0.1694769 -0.2458505 -0.1640594 -0.1358579 -0.1197615 -0.1146792
-0.2882245 -0.2828028 -0.1271998 -0.2193523 -0.3167386 -0.1871919 -0.1224198 -0.1801177 -0.1903895 -0.1199026 -0.1303462 -0.1679922 -0.1476056 -0.1262903 -0.2470604 -0.2042902 -0.1180749 -0.1278031 -0.225865 -0.2944471 -0.1653879 -0.3388899 -0.3737017 -0.1672885 -0.1122808 -0.113619 -0.1333084 -0.1286737 -0.3145654 -0.2747114 -0.1550333 -0.231696 -0.1357582 -0.112275 -0.1152713 -0.1199519 -0.1161557 -0.2109485 -0.2274128 -0.1735155 -0.1756325 -0.2206101 -0.1724226 -0.2238757 -0.1454712 -0.1298887 -0.2976639 -0.3418258 -0.168412 -0.139491 -0.2756837 -0.1837198 -0.2474952 -0.3071238 -0.2939246 -0.241609 -0.2012713
-0.2791195 -0.242927 -0.1183895 -0.1482399 -0.3139392 -0.246825 -0.1164305 -0.1670622 -0.165552 -0.1129572 -0.1151879 -0.1457212 -0.154642 -0.1250277 -0.2573518 -0.270341 -0.1290468 -0.1219972 -0.2248362 -0.2665175 -0.1307898 -0.2832758 -0.3640845 -0.2214755 -0.1230879 -0.1354675 -0.1611444 -0.125184 -0.2092003 -0.2732335 -0.125735 -0.2117142 -0.1425697 -0.1148897 -0.1136371 -0.1173026 -0.1510462 -0.1946426 -0.2288432 -0.1993666 -0.1339854 -0.120986 -0.1415213 -0.1840321 -0.1464688 -0.1456449 -0.3483517 -0.3831881 -0.1974749 -0.1647575 -0.3020598 -0.1779276 -0.2503144 -0.270889 -0.2815872 -0.2797806 -0.2434088
-0.2875725 -0.2285679 -0.1264608 -0.1407839 -0.2862289 -0.2498459 -0.112604 -0.1670582 -0.1621876 -0.1130733 -0.1153804 -0.1320993 -0.1520068 -0.1391096 -0.2629252 -0.349342 -0.2622658 -0.1531071 -0.2514412 -0.2395996 -0.1182661 -0.1860258 -0.319979 -0.2615954 -0.1701995 -0.1893995 -0.1647496 -0.1213174 -0.1235203 -0.2280871 -0.1297241 -0.2056468 -0.1624039 -0.1165506 -0.1148152 -0.1366446 -0.1366653 -0.1277273 -0.201267 -0.2722597 -0.2020652 -0.157236 -0.1772763 -0.1474459 -0.14996 -0.13794 -0.3152735 -0.4362397 -0.2609552 -0.1956089 -0.3187307 -0.1410501 -0.1455089 -0.1273719 -0.1426445 -0.1707129 -0.1770325
-0.2879619 -0.2427674 -0.1465517 -0.1603122 -0.2722404 -0.2162044 -0.1140778 -0.1609463 -0.194956 -0.1135817 -0.1213811 -0.1141203 -0.1229117 -0.1363576 -0.2390563 -0.4035491 -0.4107859 -0.2925997 -0.3497941 -0.2429182 -0.1155384 -0.1187368 -0.2540672 -0.3006609 -0.1901265 -0.2494737 -0.1655143 -0.1211026 -0.1122529 -0.161633 -0.1167411 -0.2234782 -0.1310816 -0.1155794 -0.1144722 -0.141624 -0.123516 -0.1145241 -0.1951149 -0.2484461 -0.1977514 -0.1487484 -0.1763854 -0.1511047 -0.1723474 -0.1464024 -0.214153 -0.4140687 -0.3418275 -0.1945315 -0.2331551 -0.1754066 -0.1234003 -0.1468734 -0.1857151 -0.2672316 -0.3592016
-0.2765828 -0.3075294 -0.2015062 -0.1713978 -0.2668073 -0.2069869 -0.1168574 -0.1336058 -0.241038 -0.1676221 -0.1243645 -0.1125042 -0.1128359 -0.1399687 -0.1694552 -0.3452066 -0.4244233 -0.3317434 -0.4167258 -0.2675461 -0.1155232 -0.1148599 -0.2140166 -0.30521 -0.1839589 -0.3261319 -0.208516 -0.1222767 -0.1127947 -0.1317198 -0.1130446 -0.2014975 -0.166968 -0.131775 -0.1161925 -0.1342572 -0.1330737 -0.1604499 -0.1333582 -0.1235897 -0.1551497 -0.1201077 -0.1777376 -0.1985297 -0.2155866 -0.1646376 -0.1967524 -0.3918175 -0.4022372 -0.1949616 -0.1557896 -0.1889004 -0.2002006 -0.2314913 -0.1321805 -0.19499 -0.3578121
-0.2763625 -0.3734715 -0.2958238 -0.1722848 -0.2578112 -0.2009562 -0.1134633 -0.1128026 -0.2231715 -0.2127557 -0.1376589 -0.1200553 -0.1202241 -0.1680275 -0.1321506 -0.3323165 -0.4689206 -0.3225944 -0.504956 -0.419918 -0.1381123 -0.115522 -0.1739463 -0.236128 -0.1694162 -0.3749186 -0.3460287 -0.1125224 -0.1155306 -0.1210168 -0.1219839 -0.1964194 -0.1959241 -0.1608537 -0.1441482 -0.1605164 -0.2062303 -0.1326773 -0.1121565 -0.1324005 -0.1374962 -0.1682326 -0.1768169 -0.2544107 -0.296912 -0.1762145 -0.212982 -0.3945275 -0.4068649 -0.2066403 -0.1349191 -0.1772658 -0.2466731 -0.2384378 -0.1756177 -0.2098643 -0.181181
-0.2613577 -0.3635827 -0.3441609 -0.1929033 -0.2715243 -0.1993594 -0.1142531 -0.1147036 -0.2165663 -0.1785984 -0.1726444 -0.1217025 -0.1142497 -0.156875 -0.1174269 -0.3093022 -0.4947721 -0.3064418 -0.4924617 -0.6169913 -0.3216767 -0.1398878 -0.1512683 -0.16948 -0.1410345 -0.2765571 -0.3924585 -0.1482508 -0.1179742 -0.1147506 -0.1756151 -0.1838218 -0.1758348 -0.1668575 -0.160724 -0.1783621 -0.259694 -0.2115694 -0.177154 -0.1821964 -0.2086708 -0.2340948 -0.1973118 -0.2656973 -0.4077028 -0.221808 -0.1844867 -0.3796659 -0.3891318 -0.1558439 -0.1465706 -0.194323 -0.1776823 -0.1960251 -0.2244775 -0.2216072 -0.2005852
-0.2435745 -0.3619797 -0.3635778 -0.2432145 -0.3132297 -0.2302167 -0.1255772 -0.1195908 -0.1991337 -0.1307277 -0.1886672 -0.1263513 -0.1261249 -0.1418052 -0.1261771 -0.2507487 -0.4448253 -0.2908357 -0.3122258 -0.480059 -0.4557791 -0.211581 -0.1606791 -0.1479227 -0.136707 -0.2313174 -0.3827572 -0.2007622 -0.1142719 -0.1124249 -0.1647641 -0.2290741 -0.1349589 -0.1759709 -0.1548534 -0.2048301 -0.219257 -0.187802 -0.1722449 -0.1811913 -0.1771322 -0.1656721 -0.1572558 -0.1916895 -0.3948216 -0.2985475 -0.1689661 -0.3599291 -0.3815079 -0.1167345 -0.2015544 -0.1665177 -0.154107 -0.2172933 -0.1641455 -0.15838 -0.2186131
-0.252678 -0.3907634 -0.3795249 -0.2618872 -0.3578253 -0.3676825 -0.2174283 -0.1390038 -0.1749782 -0.1129806 -0.2266046 -0.1489595 -0.1509131 -0.1472087 -0.1602549 -0.2337989 -0.3990298 -0.3140746 -0.2916337 -0.4175358 -0.4834138 -0.2638411 -0.2060529 -0.1572413 -0.1204642 -0.2047738 -0.4686661 -0.3640709 -0.1305961 -0.1152795 -0.1615087 -0.2104435 -0.1366749 -0.1591917 -0.1353241 -0.1271691 -0.1139555 -0.1145576 -0.115014 -0.1166572 -0.1192196 -0.2272356 -0.1128374 -0.1689626 -0.3291235 -0.3456217 -0.191723 -0.4018424 -0.398615 -0.1122523 -0.1753791 -0.1197332 -0.127491 -0.1945632 -0.1309188 -0.1495802 -0.2475534
-0.2259757 -0.3716405 -0.3536601 -0.1921099 -0.2252524 -0.3789098 -0.3444835 -0.1704539 -0.1440936 -0.1425908 -0.2157651 -0.1382276 -0.1284053 -0.1564789 -0.1946835 -0.2533777 -0.5400179 -0.6159601 -0.5482584 -0.6006851 -0.6530455 -0.4328968 -0.3584215 -0.239522 -0.1169479 -0.1312073 -0.3595011 -0.4669941 -0.2203799 -0.1593717 -0.2221391 -0.1783878 -0.1310626 -0.1237113 -0.1898621 -0.1169096 -0.1158293 -0.1141566 -0.14527 -0.1721005 -0.2210883 -0.1351242 -0.1167932 -0.1657746 -0.2943287 -0.329567 -0.2345447 -0.4601281 -0.4479944 -0.122968 -0.2018366 -0.1232915 -0.1192148 -0.2076559 -0.124785 -0.1451017 -0.2005808
-0.2121188 -0.3374527 -0.3302344 -0.1744844 -0.1593301 -0.3108429 -0.3777507 -0.2147001 -0.1472517 -0.1347948 -0.1880951 -0.1305721 -0.1133767 -0.1592333 -0.1984138 -0.2236778 -0.5428914 -0.7697434 -0.724971 -0.7132133 -0.7406861 -0.5911229 -0.4875953 -0.3627238 -0.1366576 -0.1172696 -0.2089218 -0.3799299 -0.2676882 -0.1660298 -0.1759217 -0.1189083 -0.1189879 -0.1366184 -0.1956873 -0.1564169 -0.1569501 -0.17224 -0.1735221 -0.1702323 -0.2206791 -0.1429534 -0.1326624 -0.1832385 -0.3058062 -0.3109907 -0.2191618 -0.4446801 -0.5484801 -0.1321188 -0.252621 -0.120641 -0.1186972 -0.2351462 -0.1484727 -0.1383545 -0.2539228
-0.2512016 -0.3268493 -0.4011067 -0.3129928 -0.2189252 -0.3015371 -0.3671446 -0.3057754 -0.2809601 -0.1194285 -0.1563997 -0.1710137 -0.152241 -0.2041154 -0.1787465 -0.194203 -0.3441947 -0.5663362 -0.6220973 -0.6296283 -0.6383354 -0.5952498 -0.5361233 -0.4366882 -0.1759735 -0.1187558 -0.1565473 -0.3284591 -0.4033757 -0.1868804 -0.1172705 -0.1142403 -0.1309261 -0.2026156 -0.203197 -0.2082291 -0.1992921 -0.1587865 -0.1181727 -0.1127611 -0.1392439 -0.2071111 -0.15755 -0.1706396 -0.3289867 -0.3609116 -0.2445292 -0.3523301 -0.6604944 -0.2792373 -0.1918996 -0.1431011 -0.1408436 -0.2654522 -0.1775 -0.1326783 -0.1956062
-0.5317739 -0.4699414 -0.5365 -0.5308485 -0.3954729 -0.3790337 -0.3451641 -0.2802887 -0.3618248 -0.2975668 -0.1353565 -0.2128853 -0.1769437 -0.1604219 -0.1325072 -0.159331 -0.2736808 -0.529677 -0.6460514 -0.8024134 -0.950313 -0.974533 -0.9586077 -0.8984669 -0.5541267 -0.1623666 -0.13035 -0.1888967 -0.3447555 -0.3012899 -0.1528503 -0.112059 -0.2214925 -0.1297195 -0.1257923 -0.1264413 -0.1330405 -0.1225718 -0.1170662 -0.1134728 -0.1581253 -0.195494 -0.1884265 -0.1553912 -0.3612768 -0.4506667 -0.3261038 -0.2993006 -0.5769058 -0.502044 -0.1290388 -0.147648 -0.1577362 -0.2685664 -0.2201829 -0.212103 -0.1945503
