_readme/moea-velma-presentation_2018Feb_tutorial15_hydrology_part1/moeaPortion/5_working_example/BlueRiver_WS10_MOEA/br_heatindex_nad83utm10.asc
ncols         628
nrows         534
xllcorner     553072.11763088
yllcorner     4893995.080683
cellsize      30
NODATA_value  -9999
[rows 150 to 174 of 534, columns 171 to 227 of 628]
-0.8587042 -0.8824202 -0.9405138 -0.9951105 -1.011761 -1.064629 -0.9274828 -0.6891968 -0.6021087 -0.4430772 -0.2217083 -0.2167159 -0.1891209 -0.1656627 -0.1268783 -0.1176051 -0.1615892 -0.2111811 -0.2190909 -0.2314295 -0.1246059 -0.2586029 -0.2475965 -0.3653908 -0.3533977 -0.2169445 -0.1756441 -0.2184611 -0.1604459 -0.1346061 -0.1517871 -0.1394078 -0.1392034 -0.1742902 -0.1972119 -0.2178768 -0.2598608 -0.2363839 -0.1790397 -0.1858556 -0.1945993 -0.1751279 -0.1906538 -0.201524 -0.1977275 -0.2000359 -0.2360878 -0.2460579 -0.2250945 -0.2177624 -0.1929359 -0.1990401 -0.2251598 -0.2171202 -0.1733089 -0.1952216 -0.2696369
-0.671383 -0.5769113 -0.636806 -0.6704291 -0.6368058 -0.6992956 -0.7363886 -0.7039329 -0.6122079 -0.4692095 -0.2346584 -0.2096405 -0.2202963 -0.2229979 -0.2026016 -0.1934164 -0.1803818 -0.16411 -0.2393514 -0.2111919 -0.1221026 -0.2154535 -0.2344731 -0.367765 -0.4206223 -0.2747333 -0.1748275 -0.2128424 -0.2054288 -0.2297997 -0.1902474 -0.1309195 -0.1694524 -0.1577543 -0.1239959 -0.1196758 -0.1233487 -0.1560177 -0.162137 -0.1871123 -0.2151894 -0.1962759 -0.2152605 -0.2130947 -0.20248 -0.2032743 -0.2331225 -0.2490137 -0.2273662 -0.1852423 -0.1662186 -0.16535 -0.1662953 -0.1412158 -0.1362001 -0.1801963 -0.2665798
-0.6225648 -0.5564692 -0.6512801 -0.6582828 -0.7480334 -0.9501027 -1.027419 -1.044943 -0.9592744 -0.7942506 -0.4854307 -0.2151859 -0.1847849 -0.1783864 -0.1991499 -0.2324724 -0.2141879 -0.2066181 -0.1513809 -0.1823047 -0.1559589 -0.2046498 -0.1898276 -0.2719188 -0.4269122 -0.3455473 -0.1907036 -0.2176463 -0.2146853 -0.2006909 -0.1456935 -0.119357 -0.1234978 -0.1203762 -0.1142699 -0.1214277 -0.1206921 -0.139603 -0.1631096 -0.1916381 -0.2163011 -0.2139274 -0.2255054 -0.2079502 -0.1837004 -0.1938453 -0.2247853 -0.2412485 -0.2266797 -0.210328 -0.2194109 -0.219753 -0.2177686 -0.1859535 -0.1789481 -0.1985788 -0.2283933
-0.761958 -0.746609 -0.8875803 -0.8619392 -0.7890084 -0.8967215 -0.9900092 -1.041857 -1.000231 -0.8700948 -0.6502249 -0.3282229 -0.1958968 -0.207884 -0.2073335 -0.1587321 -0.1599451 -0.1700622 -0.1677823 -0.2017232 -0.1742028 -0.2366344 -0.2161885 -0.270673 -0.4309384 -0.3891247 -0.2090176 -0.2189969 -0.269801 -0.1585228 -0.1472398 -0.1194349 -0.1159025 -0.1149439 -0.124756 -0.1245046 -0.1188739 -0.1350478 -0.1675429 -0.1856432 -0.2093583 -0.2277564 -0.2413849 -0.2355236 -0.2087541 -0.2334412 -0.2146453 -0.2336907 -0.2419423 -0.2257161 -0.1972097 -0.2183743 -0.1727337 -0.1438176 -0.1368044 -0.1536337 -0.2045365
-0.7099169 -0.6804722 -0.8026447 -0.8060668 -0.6241342 -0.5624311 -0.6367019 -0.6944752 -0.6775438 -0.6238172 -0.5677455 -0.3828098 -0.1678639 -0.1591136 -0.1559422 -0.2525092 -0.2442277 -0.1930799 -0.1839909 -0.175173 -0.1442285 -0.2081729 -0.1838225 -0.2402327 -0.403123 -0.3714383 -0.2042061 -0.211606 -0.1754391 -0.1629153 -0.199163 -0.1670201 -0.1415722 -0.1310442 -0.1252659 -0.1154919 -0.1296644 -0.1723477 -0.2018888 -0.2115403 -0.2127194 -0.2267014 -0.2392849 -0.2634263 -0.2405501 -0.2360408 -0.2428463 -0.2260425 -0.2440934 -0.231206 -0.2486985 -0.1644639 -0.1317134 -0.132457 -0.1435663 -0.1605239 -0.1905583
-0.5053806 -0.4428821 -0.5045551 -0.619507 -0.6088334 -0.5423659 -0.6122152 -0.6761727 -0.7980194 -0.8700817 -0.8378202 -0.7185591 -0.2907255 -0.1328152 -0.1326864 -0.2628596 -0.2534165 -0.1898984 -0.183505 -0.1924695 -0.1339061 -0.2192514 -0.1744099 -0.1743319 -0.3021533 -0.2861888 -0.1825847 -0.2421121 -0.1291867 -0.1391784 -0.1585484 -0.1250903 -0.1228962 -0.1339771 -0.1463313 -0.1693645 -0.2189985 -0.2224571 -0.2142051 -0.213727 -0.1989686 -0.1957901 -0.2096686 -0.2474977 -0.2616397 -0.2335488 -0.217938 -0.2154113 -0.2324973 -0.2421397 -0.2047219 -0.1648443 -0.1569287 -0.1349442 -0.1250895 -0.1528611 -0.1886445
-0.5052466 -0.5365109 -0.7162448 -0.84586 -0.8261524 -0.7459262 -0.8287766 -0.8094975 -0.8061045 -0.8444719 -0.823392 -0.8094973 -0.5741717 -0.2731814 -0.212692 -0.1504542 -0.1559653 -0.1854546 -0.2045187 -0.2228438 -0.1461239 -0.2337689 -0.2337201 -0.165292 -0.2808081 -0.2792653 -0.1687633 -0.1953579 -0.1233737 -0.1202854 -0.1543397 -0.159564 -0.1506961 -0.1674965 -0.1768455 -0.2050435 -0.2201852 -0.171572 -0.1551258 -0.1840455 -0.1653305 -0.1585494 -0.1771142 -0.2175086 -0.2452626 -0.2474513 -0.2218629 -0.2378565 -0.2683783 -0.2318747 -0.1810661 -0.1363176 -0.1299237 -0.1426952 -0.1435197 -0.1585489 -0.2035644
-0.6088749 -0.5536044 -0.6851198 -0.8221617 -0.8231313 -0.7209622 -0.7980068 -0.7755392 -0.622818 -0.5616279 -0.5571648 -0.56365 -0.5662553 -0.3933726 -0.2453697 -0.1537406 -0.1479228 -0.219851 -0.167709 -0.180312 -0.1326494 -0.2038863 -0.2791437 -0.1952534 -0.2932691 -0.2876114 -0.1622387 -0.167973 -0.1306272 -0.1389474 -0.1496077 -0.1412913 -0.1420044 -0.1361777 -0.1264373 -0.152533 -0.1828804 -0.1596014 -0.1542426 -0.1850178 -0.2261491 -0.2220847 -0.2092706 -0.2177353 -0.1977023 -0.2126721 -0.2012325 -0.2247643 -0.2772638 -0.2360259 -0.1856514 -0.137176 -0.1332283 -0.1620041 -0.1419984 -0.1449887 -0.1954984
-0.6339506 -0.4756148 -0.4820069 -0.6051216 -0.6090336 -0.4860052 -0.4948679 -0.6120443 -0.6170453 -0.5255827 -0.5464942 -0.6501781 -0.7348322 -0.5930059 -0.2705054 -0.2116432 -0.249586 -0.1598027 -0.1484431 -0.2004916 -0.1514726 -0.195137 -0.2711709 -0.2041994 -0.2892034 -0.3123341 -0.2474734 -0.1202117 -0.1176841 -0.1233436 -0.1314015 -0.1366817 -0.1710081 -0.2200984 -0.2393309 -0.1855441 -0.1771545 -0.2445208 -0.2491022 -0.1841097 -0.1447936 -0.1924031 -0.228218 -0.1917455 -0.1555273 -0.1794931 -0.1951848 -0.2147508 -0.2502661 -0.2344866 -0.1984471 -0.1525371 -0.1456667 -0.1616836 -0.135165 -0.1418108 -0.1937372
-0.5204861 -0.5255648 -0.5213602 -0.6229467 -0.6073244 -0.6019784 -0.6877305 -0.7855762 -0.8102989 -0.7184749 -0.661757 -0.641808 -0.6607637 -0.6115955 -0.4263311 -0.1630796 -0.2327148 -0.2327881 -0.1989539 -0.1878179 -0.1814751 -0.1916788 -0.234302 -0.1825081 -0.2352184 -0.2760887 -0.1864273 -0.12324 -0.1592419 -0.2031545 -0.2226529 -0.2276991 -0.15179 -0.1259342 -0.1825173 -0.1875543 -0.1947509 -0.2484961 -0.236411 -0.2261661 -0.2103409 -0.1532467 -0.1318704 -0.1272439 -0.1245431 -0.1554835 -0.2015388 -0.2168064 -0.2276126 -0.2171149 -0.2027181 -0.1881354 -0.1936969 -0.1825673 -0.1459824 -0.1469195 -0.1851206
-0.6349659 -0.7118576 -0.7780759 -0.884909 -0.7838022 -0.6668628 -0.7085859 -0.7812008 -0.8017476 -0.7067133 -0.634624 -0.5642622 -0.4586008 -0.3896115 -0.446306 -0.3046177 -0.1593515 -0.1327044 -0.1614217 -0.2249179 -0.1784315 -0.2062361 -0.2505724 -0.2033243 -0.2123607 -0.1921699 -0.1880827 -0.1700353 -0.2172339 -0.2122315 -0.2099137 -0.188693 -0.1391911 -0.1676981 -0.1523849 -0.1277728 -0.1312423 -0.1183928 -0.1143314 -0.1232357 -0.1367402 -0.1269405 -0.1279896 -0.1283283 -0.1361946 -0.1812734 -0.22179 -0.2393846 -0.2352213 -0.2213669 -0.2379014 -0.2393844 -0.1973049 -0.1572149 -0.1339292 -0.1354524 -0.1685785
-0.5922876 -0.6647441 -0.7593547 -0.8913998 -0.8043721 -0.5708518 -0.5054864 -0.5829644 -0.5781198 -0.4743699 -0.4945301 -0.5878525 -0.5180258 -0.3933496 -0.4567291 -0.4460515 -0.2297548 -0.2067104 -0.1897438 -0.1442455 -0.1411449 -0.1850778 -0.2382208 -0.1916691 -0.2044845 -0.2007913 -0.1990818 -0.1749391 -0.1847638 -0.1906127 -0.1970669 -0.2072763 -0.1723675 -0.1270805 -0.1359115 -0.13658 -0.1383796 -0.1351557 -0.1236402 -0.1270628 -0.1301262 -0.1297111 -0.1364332 -0.1499336 -0.1909263 -0.208064 -0.2010544 -0.2314643 -0.2282716 -0.2219891 -0.22233 -0.2119671 -0.1681207 -0.1353761 -0.1333503 -0.1424626 -0.1831984
-0.39764 -0.4429822 -0.5110015 -0.5925376 -0.6465601 -0.597029 -0.5054808 -0.6033699 -0.7005159 -0.6844462 -0.6766747 -0.7536643 -0.7174051 -0.5843697 -0.5373191 -0.4833082 -0.2678155 -0.1826703 -0.1886873 -0.1584985 -0.1522584 -0.1646172 -0.2521696 -0.1975037 -0.1921604 -0.2605943 -0.1841627 -0.1622768 -0.1687759 -0.1876373 -0.2044653 -0.1820433 -0.1238989 -0.1143176 -0.1203348 -0.1297988 -0.1250395 -0.1400308 -0.143249 -0.1205778 -0.1236331 -0.1320018 -0.1429505 -0.1661409 -0.1839579 -0.1583436 -0.1665525 -0.2033645 -0.2030048 -0.2034302 -0.1952538 -0.1898928 -0.148237 -0.1388381 -0.1383824 -0.1495357 -0.1761875
-0.3777008 -0.4449647 -0.6310011 -0.7940506 -0.8651589 -0.8718694 -0.7723188 -0.7292265 -0.7151545 -0.6785197 -0.6780225 -0.7448568 -0.6900327 -0.5633701 -0.5038366 -0.4588923 -0.3497617 -0.2301005 -0.177697 -0.2158836 -0.187172 -0.1644124 -0.2579267 -0.2375529 -0.2311292 -0.2389722 -0.2058595 -0.2108911 -0.2078448 -0.165516 -0.1687318 -0.1824303 -0.1233693 -0.1186871 -0.1207467 -0.1383225 -0.1351798 -0.1310755 -0.13822 -0.1320828 -0.1268907 -0.1357471 -0.1527492 -0.1706512 -0.1692078 -0.1504572 -0.1666117 -0.2152063 -0.2292354 -0.2170424 -0.2058956 -0.1922495 -0.146461 -0.1433189 -0.2123381 -0.2134757 -0.1817343
-0.4703478 -0.5101904 -0.6023036 -0.768133 -0.8463575 -0.8638734 -0.77604 -0.7051858 -0.6196779 -0.484172 -0.4483048 -0.5411336 -0.4948346 -0.3778162 -0.3916862 -0.4584144 -0.3809206 -0.2022944 -0.2073173 -0.1771719 -0.1561775 -0.1504241 -0.2156312 -0.2172418 -0.2296289 -0.2328543 -0.1981828 -0.1976647 -0.1726162 -0.120284 -0.1428338 -0.2280475 -0.1896663 -0.1625776 -0.1567016 -0.1672945 -0.1571249 -0.1275822 -0.1222763 -0.1263392 -0.1387204 -0.1699611 -0.1821418 -0.2054265 -0.2183674 -0.2015426 -0.1984266 -0.212339 -0.2197535 -0.2019993 -0.193996 -0.1863496 -0.1760007 -0.1789343 -0.2204471 -0.2172639 -0.1512649
-0.4787647 -0.5312566 -0.4635821 -0.4764555 -0.5782988 -0.6102445 -0.5211512 -0.5483678 -0.5920176 -0.4945689 -0.4380197 -0.5391421 -0.5918658 -0.5349237 -0.5001805 -0.5781043 -0.5348157 -0.2656771 -0.1840087 -0.179607 -0.1646101 -0.157386 -0.1996775 -0.230217 -0.2193383 -0.1890081 -0.1930012 -0.2165689 -0.2198117 -0.1809738 -0.1718371 -0.1973914 -0.1586059 -0.1297332 -0.1427183 -0.1939923 -0.21869 -0.2166993 -0.2171433 -0.2066978 -0.1968843 -0.1950816 -0.1978251 -0.2168545 -0.2204884 -0.2052628 -0.1873766 -0.2042353 -0.1981775 -0.1689186 -0.16744 -0.1758427 -0.1812686 -0.1551407 -0.178495 -0.1998484 -0.1462968
-0.3293925 -0.4791583 -0.5072423 -0.4408364 -0.5873657 -0.7556376 -0.7319186 -0.7088514 -0.7458857 -0.6675508 -0.6144147 -0.641764 -0.6067621 -0.5462835 -0.5080421 -0.583911 -0.6015117 -0.3886734 -0.2393592 -0.2170308 -0.1802098 -0.161967 -0.1970268 -0.2533436 -0.2047301 -0.1961235 -0.1838436 -0.2007193 -0.1765038 -0.1289238 -0.1249465 -0.1527827 -0.1415192 -0.1574418 -0.1985263 -0.1702022 -0.1551395 -0.1624151 -0.2277319 -0.2578641 -0.2050767 -0.2081281 -0.147769 -0.1684624 -0.1881057 -0.1585631 -0.1481405 -0.1540925 -0.1710728 -0.1708919 -0.1634699 -0.1885573 -0.2185986 -0.2063371 -0.2195143 -0.2145101 -0.184973
-0.3292718 -0.5769724 -0.6750776 -0.5960849 -0.6485443 -0.7143925 -0.6741868 -0.6412696 -0.7153637 -0.6444933 -0.5734451 -0.6097133 -0.4921638 -0.3813716 -0.3758819 -0.4361541 -0.4863669 -0.3678356 -0.2600776 -0.2373813 -0.2110903 -0.204475 -0.240597 -0.169191 -0.1680329 -0.1842387 -0.1534509 -0.1652176 -0.1759806 -0.1304653 -0.1339802 -0.1828585 -0.1854447 -0.2104466 -0.1570563 -0.1702138 -0.1652868 -0.2018386 -0.1681212 -0.1551823 -0.1634163 -0.1664614 -0.1425984 -0.1477198 -0.184738 -0.1791062 -0.1677282 -0.155681 -0.1527482 -0.1630429 -0.167353 -0.2109536 -0.249235 -0.234283 -0.234792 -0.200116 -0.1654999
-0.2798063 -0.5206478 -0.6352283 -0.5570617 -0.6138244 -0.6298243 -0.4953287 -0.3875616 -0.4553841 -0.4148419 -0.3403865 -0.484259 -0.5016576 -0.396217 -0.3905586 -0.5220757 -0.6208332 -0.4966984 -0.3145464 -0.2516766 -0.2502877 -0.2487793 -0.1947307 -0.1447796 -0.1529936 -0.1790894 -0.1531902 -0.1567931 -0.2052393 -0.1819055 -0.1729412 -0.2093326 -0.2062362 -0.2107712 -0.1710278 -0.187457 -0.1991174 -0.2123189 -0.1820782 -0.1865875 -0.1966644 -0.1901467 -0.1767007 -0.1887106 -0.2072378 -0.1837923 -0.1535763 -0.142865 -0.1341777 -0.1504263 -0.1812464 -0.2088096 -0.2345343 -0.2447196 -0.2186586 -0.1693369 -0.1559672
-0.2065352 -0.3820834 -0.4539312 -0.3731012 -0.497464 -0.6468631 -0.5581502 -0.3881665 -0.4159582 -0.4276721 -0.3895606 -0.4924065 -0.5920968 -0.543587 -0.465469 -0.5263538 -0.5895594 -0.4818695 -0.3091293 -0.2365829 -0.2436641 -0.2069518 -0.1790849 -0.1477522 -0.1531858 -0.1746318 -0.1587924 -0.1560814 -0.1737028 -0.1944513 -0.2461306 -0.1968644 -0.1661131 -0.1467125 -0.1558835 -0.2014187 -0.2164909 -0.1876253 -0.1503321 -0.136681 -0.1384967 -0.1300205 -0.1339383 -0.1451634 -0.1313549 -0.134548 -0.1537907 -0.1362626 -0.1270473 -0.1473394 -0.2005663 -0.2107955 -0.2263471 -0.2492011 -0.2186538 -0.1658104 -0.1477807
-0.1944808 -0.3645938 -0.4816163 -0.479012 -0.5773333 -0.7549688 -0.7544568 -0.5862376 -0.5251853 -0.4481801 -0.3442729 -0.3356918 -0.4421966 -0.4806893 -0.4093061 -0.434941 -0.438831 -0.3535171 -0.2841403 -0.2854383 -0.2036455 -0.1909468 -0.1738191 -0.1453636 -0.1551318 -0.1655771 -0.1358935 -0.1410887 -0.2065458 -0.1970408 -0.1603818 -0.1388979 -0.139929 -0.1635636 -0.2325212 -0.1792157 -0.1716878 -0.1283214 -0.1268623 -0.1507221 -0.1349321 -0.1365388 -0.1558633 -0.1634409 -0.1463318 -0.149554 -0.177224 -0.1485939 -0.133431 -0.1580074 -0.198393 -0.2033282 -0.2155214 -0.2413017 -0.2298618 -0.1799167 -0.1459123
-0.1972554 -0.3509083 -0.4171346 -0.3984258 -0.4794991 -0.6922647 -0.7408863 -0.6088365 -0.5732086 -0.4658828 -0.2844078 -0.2078673 -0.2664418 -0.3120012 -0.2995257 -0.4277154 -0.473801 -0.3602721 -0.2848472 -0.2654733 -0.1925294 -0.1876517 -0.1839757 -0.161511 -0.1909421 -0.1864749 -0.1746484 -0.2149055 -0.1609314 -0.1395512 -0.1288292 -0.1345401 -0.1964676 -0.1732229 -0.1565656 -0.1689762 -0.1665828 -0.1266293 -0.1210504 -0.1365871 -0.1242283 -0.1209138 -0.1281513 -0.1237945 -0.1164815 -0.1262314 -0.1661002 -0.1564407 -0.1685386 -0.1795675 -0.1732222 -0.1756862 -0.1988457 -0.2324188 -0.229792 -0.1751689 -0.1671239
-0.1583383 -0.3457369 -0.3835163 -0.2715074 -0.2778002 -0.4214873 -0.4899611 -0.4139022 -0.5140045 -0.5626878 -0.3656091 -0.2165346 -0.2662812 -0.3082002 -0.3108905 -0.4540047 -0.5776281 -0.4748454 -0.311047 -0.2601714 -0.2023891 -0.1875944 -0.1908256 -0.1783808 -0.1783807 -0.1619413 -0.1976381 -0.1944742 -0.1676646 -0.1515426 -0.1493335 -0.1903298 -0.1512657 -0.1302814 -0.1607012 -0.203007 -0.1752222 -0.1541911 -0.1701535 -0.1713464 -0.1435031 -0.1371986 -0.1291335 -0.1169797 -0.1160215 -0.128374 -0.1640822 -0.1710024 -0.170345 -0.167194 -0.168074 -0.1671939 -0.1999489 -0.238139 -0.2260829 -0.1715316 -0.1722501
-0.1301662 -0.3266984 -0.4784794 -0.3216169 -0.2385144 -0.3432583 -0.4376939 -0.4536021 -0.5997026 -0.7493454 -0.6057571 -0.324407 -0.2997423 -0.2739875 -0.2434256 -0.3365661 -0.4848983 -0.464589 -0.3156551 -0.2741224 -0.1836067 -0.1716705 -0.1814301 -0.1799415 -0.1687248 -0.1703511 -0.246627 -0.2014199 -0.1634254 -0.144596 -0.1490857 -0.2101804 -0.1590594 -0.1569062 -0.2126854 -0.1885345 -0.198805 -0.2009386 -0.20116 -0.1779168 -0.1464923 -0.1180112 -0.1228842 -0.1531263 -0.1550907 -0.1618677 -0.1865806 -0.2044244 -0.1917075 -0.1835477 -0.1957445 -0.1847633 -0.2036298 -0.2209781 -0.1900968 -0.1345308 -0.1340482
-0.1245119 -0.2682239 -0.5704568 -0.4783165 -0.2317811 -0.3135605 -0.3602288 -0.3487692 -0.4549551 -0.6380193 -0.6081052 -0.3871162 -0.3495161 -0.2629562 -0.1889369 -0.2255736 -0.3403537 -0.363302 -0.278612 -0.264322 -0.1716661 -0.1836021 -0.1956962 -0.1957093 -0.2139051 -0.2151452 -0.1847093 -0.1687675 -0.1563532 -0.1737219 -0.2215654 -0.1923217 -0.1776538 -0.1838726 -0.2144796 -0.2122974 -0.1458881 -0.1481015 -0.1263257 -0.1134014 -0.1181117 -0.134309 -0.1427043 -0.147732 -0.1472319 -0.1597574 -0.1722809 -0.1672263 -0.1543338 -0.1537513 -0.177125 -0.1988724 -0.2236239 -0.2128512 -0.1767334 -0.1291093 -0.1308311
