_readme/moea-velma-presentation_2018Feb_tutorial15_hydrology_part1/moeaPortion/5_working_example/BlueRiver_WS10_MOEA/br_heatindex_nad83utm10.asc
ncols         628
nrows         534
xllcorner     553072.11763088
yllcorner     4893995.080683
cellsize      30
NODATA_value  -9999
[rows 150 to 174 of 534, columns 342 to 398 of 628]
-0.2412334 -0.2316053 -0.1663272 -0.1429474 -0.1727169 -0.23658 -0.2213903 -0.2086155 -0.2001303 -0.2093664 -0.2255179 -0.2392809 -0.2795291 -0.3305239 -0.2765302 -0.212071 -0.2663882 -0.3033501 -0.223977 -0.1741222 -0.1627129 -0.174184 -0.1839123 -0.270112 -0.2587395 -0.2126986 -0.18983 -0.2220972 -0.2398358 -0.1933978 -0.2588724 -0.2731283 -0.247405 -0.2398838 -0.2609456 -0.1867359 -0.1796417 -0.19164 -0.2277633 -0.2475147 -0.2522621 -0.2474441 -0.2325552 -0.2504357 -0.2807912 -0.3754282 -0.4329151 -0.4335971 -0.38844 -0.2992144 -0.2201922 -0.2169095 -0.2216983 -0.1970343 -0.1804301 -0.2432121 -0.3167265
-0.2536695 -0.2452517 -0.1882986 -0.1857403 -0.218619 -0.1932294 -0.17643 -0.1645022 -0.1714152 -0.1881216 -0.2106857 -0.2362084 -0.2642918 -0.3037204 -0.2815613 -0.2075531 -0.2472362 -0.2537676 -0.1868743 -0.1760411 -0.1824802 -0.1910904 -0.196989 -0.2672742 -0.2902369 -0.2398576 -0.212214 -0.2663823 -0.2580817 -0.1869126 -0.2226169 -0.2314464 -0.2567805 -0.2787176 -0.2351977 -0.1799959 -0.1750557 -0.1916621 -0.2127808 -0.2298833 -0.24866 -0.2452497 -0.2367547 -0.258675 -0.3125654 -0.4296121 -0.4475765 -0.4370978 -0.4146606 -0.3928055 -0.2863109 -0.1983384 -0.1825469 -0.1606496 -0.1409457 -0.1950463 -0.2788779
-0.2464389 -0.2560023 -0.2413401 -0.2406575 -0.1987422 -0.175416 -0.1524097 -0.1539876 -0.1917121 -0.2038757 -0.2047261 -0.1994659 -0.2119842 -0.2619769 -0.2509163 -0.1871032 -0.2469085 -0.2903713 -0.222067 -0.1994005 -0.206338 -0.2142466 -0.2215182 -0.2703695 -0.3143657 -0.2626334 -0.2094009 -0.2706333 -0.285322 -0.2155993 -0.22508 -0.2348512 -0.2595266 -0.248512 -0.2237935 -0.1834983 -0.1801519 -0.2036833 -0.2160583 -0.2274928 -0.2409633 -0.2363769 -0.211372 -0.2120374 -0.2946139 -0.4633902 -0.5422097 -0.59661 -0.5701808 -0.5138145 -0.3982931 -0.2465962 -0.2155679 -0.1716167 -0.1352544 -0.1499041 -0.2198667
-0.2695118 -0.2697945 -0.2709755 -0.2531063 -0.226918 -0.2103179 -0.1975306 -0.193835 -0.2283978 -0.2239801 -0.221363 -0.199396 -0.193032 -0.2738899 -0.2903662 -0.2153111 -0.2457681 -0.3172194 -0.2765141 -0.2331186 -0.2401023 -0.2382286 -0.2388996 -0.2532155 -0.2870439 -0.2679093 -0.2091822 -0.2486723 -0.274168 -0.2512989 -0.2208545 -0.1994694 -0.2078245 -0.2211384 -0.2074154 -0.1856359 -0.1803581 -0.1896952 -0.2155942 -0.2311684 -0.2365021 -0.2365021 -0.2074101 -0.1898154 -0.2588737 -0.3778304 -0.4515247 -0.5184584 -0.5192643 -0.4657211 -0.3941604 -0.3001208 -0.2946242 -0.2163991 -0.1355155 -0.1262972 -0.1838487
-0.3166166 -0.2809298 -0.2702363 -0.2586507 -0.2357684 -0.2137674 -0.2069447 -0.1880351 -0.1834433 -0.1728214 -0.1649113 -0.1794232 -0.1821405 -0.265837 -0.2906206 -0.2148524 -0.2163327 -0.2567122 -0.2568162 -0.2406005 -0.2601883 -0.2582011 -0.2502793 -0.2467834 -0.276805 -0.2820718 -0.2435243 -0.2754688 -0.2933593 -0.266232 -0.244093 -0.2252225 -0.2109217 -0.2049122 -0.199383 -0.2084784 -0.1932729 -0.1769572 -0.2186049 -0.2461935 -0.2503448 -0.2213318 -0.1955054 -0.1979531 -0.2609261 -0.2676831 -0.3091903 -0.3388237 -0.3861192 -0.4285474 -0.4319885 -0.3704211 -0.4382766 -0.4337308 -0.2432415 -0.1568248 -0.1923864
-0.423211 -0.3269917 -0.2502002 -0.2276052 -0.2211301 -0.2129353 -0.2189783 -0.2105426 -0.1818771 -0.162004 -0.1427549 -0.1585073 -0.171074 -0.250901 -0.2721738 -0.1961697 -0.2025293 -0.2375859 -0.2459523 -0.2409493 -0.2592393 -0.2548427 -0.2502743 -0.261631 -0.30746 -0.2976615 -0.2651493 -0.3144884 -0.3409188 -0.297533 -0.2697507 -0.2209916 -0.1876605 -0.179767 -0.1944627 -0.1939996 -0.1693842 -0.1738805 -0.2309864 -0.2637802 -0.2501985 -0.2039684 -0.2125292 -0.227539 -0.1993781 -0.2196078 -0.2731765 -0.3358192 -0.4697084 -0.549121 -0.6007148 -0.5597771 -0.5560832 -0.6017428 -0.4587628 -0.2628368 -0.2407629
-0.4924695 -0.4415209 -0.288236 -0.2345874 -0.2321986 -0.2446399 -0.2580608 -0.2581325 -0.2276002 -0.2023761 -0.1813043 -0.1804043 -0.1772021 -0.2580565 -0.318515 -0.2702632 -0.2724356 -0.2963309 -0.2781579 -0.2504066 -0.2600728 -0.2632258 -0.2463622 -0.2469551 -0.307963 -0.2860098 -0.2622544 -0.3096858 -0.3364302 -0.2772972 -0.258227 -0.1971539 -0.1771658 -0.1783654 -0.1921207 -0.1754223 -0.1562757 -0.1782512 -0.2697781 -0.2452755 -0.2420995 -0.2336706 -0.1764698 -0.1448125 -0.146622 -0.1693853 -0.2382328 -0.267837 -0.3730365 -0.4941882 -0.5245462 -0.4959728 -0.4452226 -0.4694838 -0.4489597 -0.3395191 -0.3219227
-0.3796206 -0.4204253 -0.3764572 -0.3164587 -0.2902893 -0.2820916 -0.2801611 -0.2888511 -0.2560534 -0.2299186 -0.2133684 -0.2071403 -0.2098604 -0.2795824 -0.3815893 -0.3917826 -0.3669893 -0.371082 -0.3464101 -0.2800653 -0.2452203 -0.2469501 -0.2376057 -0.2376969 -0.3151849 -0.3129867 -0.2847352 -0.2841285 -0.317293 -0.2694075 -0.2126589 -0.1812987 -0.190615 -0.2062774 -0.2106648 -0.1970882 -0.1890962 -0.2178199 -0.2093754 -0.214738 -0.20338 -0.1840376 -0.1547946 -0.1364091 -0.1414816 -0.1483248 -0.187818 -0.1893172 -0.1956856 -0.2993965 -0.3165807 -0.2946254 -0.339877 -0.4226471 -0.4481205 -0.3970305 -0.4999309
-0.3515 -0.3761851 -0.3635037 -0.3459801 -0.3059632 -0.2662133 -0.2561606 -0.2800607 -0.264863 -0.2461409 -0.2435287 -0.2370274 -0.2509013 -0.3017958 -0.3811851 -0.4201352 -0.4114679 -0.4099167 -0.4098011 -0.3535679 -0.2528286 -0.2151669 -0.2212004 -0.258404 -0.3499586 -0.3710509 -0.3274134 -0.2938916 -0.3353828 -0.2880419 -0.212628 -0.1888578 -0.2275261 -0.2360164 -0.2148286 -0.231755 -0.2180202 -0.2140573 -0.2058737 -0.2147434 -0.2009976 -0.1912209 -0.1910841 -0.1791277 -0.1731901 -0.1608726 -0.1625778 -0.1769865 -0.171102 -0.2657643 -0.3301862 -0.2919084 -0.337832 -0.4579076 -0.5299822 -0.4914114 -0.5882587
-0.3186429 -0.3499543 -0.3372231 -0.337223 -0.3047024 -0.2560435 -0.2304368 -0.2334297 -0.2198761 -0.2127145 -0.2335353 -0.2508964 -0.2774958 -0.2998861 -0.3362914 -0.3776948 -0.4258507 -0.4409165 -0.4380306 -0.4358295 -0.3979363 -0.3065471 -0.2241022 -0.2366711 -0.3171577 -0.3832005 -0.3695798 -0.3255022 -0.32818 -0.2782003 -0.2466825 -0.1877165 -0.2113914 -0.2213091 -0.2047998 -0.2422363 -0.2261522 -0.201975 -0.2234163 -0.1970271 -0.1991143 -0.1999879 -0.2043178 -0.2030952 -0.19348 -0.1765636 -0.179447 -0.1999355 -0.1941134 -0.266053 -0.3716481 -0.3244283 -0.3018874 -0.4062245 -0.5217723 -0.4875668 -0.4714442
-0.2446062 -0.2906908 -0.2919404 -0.3066321 -0.3006537 -0.2739921 -0.2272052 -0.2090802 -0.181724 -0.1701352 -0.1899268 -0.2336721 -0.264785 -0.2902903 -0.3164425 -0.348498 -0.3916192 -0.4645075 -0.5310585 -0.5025813 -0.4515204 -0.3929733 -0.2376818 -0.219713 -0.2637563 -0.3291055 -0.3644712 -0.3813742 -0.3703883 -0.2894325 -0.2347882 -0.1638631 -0.19917 -0.2296394 -0.2306944 -0.2062703 -0.1776384 -0.1873732 -0.1703644 -0.1514916 -0.1530209 -0.1666178 -0.194109 -0.2335287 -0.2377613 -0.2222351 -0.2231546 -0.2389958 -0.2400619 -0.2764754 -0.3675804 -0.362009 -0.3120434 -0.3582295 -0.4536163 -0.4819871 -0.4778287
-0.2272006 -0.2542916 -0.2634287 -0.2979388 -0.3179938 -0.3186447 -0.2851962 -0.2808409 -0.2484383 -0.1747917 -0.1619819 -0.1847578 -0.2058618 -0.2425234 -0.2902852 -0.3017799 -0.2844801 -0.30045 -0.3833802 -0.3700208 -0.3059387 -0.3318581 -0.2541984 -0.2405041 -0.2570498 -0.2725329 -0.3098007 -0.3908246 -0.4638668 -0.330653 -0.2524094 -0.1934604 -0.2225745 -0.2040921 -0.2058979 -0.1963132 -0.1954262 -0.1934602 -0.1779128 -0.1515531 -0.1564439 -0.1785054 -0.2018745 -0.2393744 -0.2509852 -0.2495012 -0.2337285 -0.1945384 -0.2114153 -0.2835637 -0.3951371 -0.4405213 -0.462721 -0.5131609 -0.5812609 -0.6424492 -0.6528477
-0.236329 -0.2531708 -0.2651619 -0.2977319 -0.3256117 -0.3645079 -0.412372 -0.4342953 -0.3765191 -0.2389833 -0.1898922 -0.197805 -0.2056081 -0.2126793 -0.2533769 -0.2474852 -0.2035035 -0.1834389 -0.2344103 -0.2695375 -0.2507496 -0.3125241 -0.2862541 -0.2373336 -0.2006283 -0.1971972 -0.2329065 -0.3012243 -0.4881386 -0.4752721 -0.2609159 -0.2255195 -0.213295 -0.2097288 -0.2382236 -0.2570446 -0.2866641 -0.2511343 -0.2432205 -0.2228862 -0.2452466 -0.2504758 -0.2262765 -0.2069337 -0.2085919 -0.2069759 -0.2231317 -0.1668611 -0.1488737 -0.1882454 -0.3812641 -0.5186199 -0.4977141 -0.4567226 -0.4584084 -0.5158902 -0.5886354
-0.2011284 -0.2263711 -0.2367214 -0.2600904 -0.2755782 -0.2625772 -0.2761738 -0.351777 -0.3475555 -0.2573924 -0.2134448 -0.2404294 -0.2228285 -0.182653 -0.2105036 -0.2334066 -0.199104 -0.2141921 -0.2915763 -0.3296597 -0.3070604 -0.365187 -0.3687862 -0.2719212 -0.1899124 -0.1932664 -0.2155478 -0.2435029 -0.3520586 -0.4529646 -0.2946924 -0.2085893 -0.2071058 -0.2181529 -0.2029934 -0.2299512 -0.2595851 -0.2634841 -0.2590093 -0.2741625 -0.2797456 -0.2799807 -0.2487943 -0.2161087 -0.202726 -0.1866585 -0.2357316 -0.2154902 -0.1561397 -0.1942291 -0.2610158 -0.4263641 -0.3963498 -0.3417334 -0.3436546 -0.3480491 -0.3835973
-0.1685566 -0.1835457 -0.1828777 -0.1851303 -0.2034913 -0.1692556 -0.1413887 -0.2257621 -0.2908762 -0.2288792 -0.1901815 -0.1826489 -0.1942266 -0.2136874 -0.1771652 -0.2553834 -0.2381731 -0.2532233 -0.3581438 -0.4171242 -0.3806211 -0.3741522 -0.3724611 -0.336575 -0.2495148 -0.2504674 -0.2345356 -0.2222154 -0.2369254 -0.321029 -0.2552882 -0.1981754 -0.2223099 -0.2271015 -0.2077209 -0.2328466 -0.2377258 -0.2467628 -0.2685896 -0.2662483 -0.2747965 -0.2935236 -0.2962868 -0.2792311 -0.2474447 -0.2214577 -0.2645404 -0.2838213 -0.2236748 -0.1949185 -0.2040783 -0.2399133 -0.2962445 -0.3063661 -0.340489 -0.3655602 -0.380966
-0.1558946 -0.1471676 -0.1344276 -0.1312373 -0.1814097 -0.1669715 -0.1167629 -0.1474188 -0.2701494 -0.2542947 -0.1961514 -0.1976621 -0.214611 -0.2215964 -0.2014496 -0.2511118 -0.2447664 -0.2441948 -0.3266867 -0.428456 -0.4154715 -0.3533221 -0.3506129 -0.3621988 -0.2786851 -0.2589972 -0.2190448 -0.2088974 -0.2560066 -0.3362706 -0.2376561 -0.2106304 -0.241882 -0.2159412 -0.1745498 -0.2067082 -0.2168501 -0.2321532 -0.261138 -0.2530798 -0.2665199 -0.3145527 -0.3409525 -0.3435701 -0.3097786 -0.286237 -0.2954936 -0.2867523 -0.2210088 -0.2248896 -0.1542961 -0.1659206 -0.2478051 -0.344105 -0.3941958 -0.4206383 -0.4112069
-0.1521419 -0.1572385 -0.1400333 -0.1234159 -0.18866 -0.1821749 -0.1136507 -0.1198412 -0.1589345 -0.2168562 -0.2047213 -0.2098436 -0.178167 -0.2341861 -0.1984568 -0.203484 -0.2434885 -0.2714358 -0.3781293 -0.5350909 -0.6611906 -0.5849029 -0.5141863 -0.5248019 -0.4028754 -0.2765343 -0.2272101 -0.2083044 -0.2388758 -0.3227576 -0.2420329 -0.2008543 -0.2069158 -0.1729429 -0.1692317 -0.2158852 -0.2333928 -0.2481701 -0.2702956 -0.2651514 -0.2614442 -0.3207759 -0.3915126 -0.424664 -0.4057035 -0.3852808 -0.3892049 -0.3527282 -0.2119908 -0.1716972 -0.1447843 -0.1537793 -0.1982671 -0.2990138 -0.4023429 -0.4134898 -0.3599173
-0.1821698 -0.1680919 -0.176527 -0.125111 -0.1909522 -0.1940565 -0.1231465 -0.1371877 -0.1274499 -0.1638156 -0.2085724 -0.1769713 -0.2062344 -0.2039143 -0.1733404 -0.1728302 -0.2180269 -0.1915892 -0.2786407 -0.4594245 -0.7416207 -0.7594911 -0.610201 -0.5853632 -0.4975538 -0.323678 -0.2427198 -0.2073507 -0.2085887 -0.2641036 -0.287904 -0.186875 -0.1831684 -0.1582207 -0.1659121 -0.216801 -0.2381569 -0.2408185 -0.2492157 -0.2764388 -0.2799143 -0.3535164 -0.4527386 -0.4717183 -0.4212081 -0.3740953 -0.3846529 -0.4140894 -0.2678342 -0.1725949 -0.1770574 -0.1915074 -0.1781608 -0.1875447 -0.2759285 -0.3023134 -0.2757454
-0.2105801 -0.1624138 -0.2180351 -0.1268862 -0.1710279 -0.2065796 -0.1732191 -0.1754942 -0.1519969 -0.1562236 -0.1929626 -0.210349 -0.1917594 -0.1674208 -0.1718794 -0.1862566 -0.1966678 -0.1381603 -0.1918406 -0.3714008 -0.7275819 -0.7150109 -0.5473836 -0.4812498 -0.4637486 -0.3658931 -0.2753947 -0.2317293 -0.23536 -0.2552042 -0.2581695 -0.1911766 -0.1785355 -0.1469754 -0.1466863 -0.1915838 -0.2169675 -0.2217952 -0.2363298 -0.2819963 -0.3058931 -0.3867992 -0.4736719 -0.415453 -0.3875023 -0.3144088 -0.2801065 -0.3444164 -0.305489 -0.196728 -0.1850744 -0.1796933 -0.1685966 -0.164575 -0.2262013 -0.2645189 -0.2705547
-0.1676358 -0.1440249 -0.2665871 -0.1634921 -0.173539 -0.2302735 -0.2179688 -0.1863827 -0.164392 -0.1705084 -0.2248747 -0.1884355 -0.2067622 -0.1745484 -0.1847819 -0.2143602 -0.1567599 -0.1566736 -0.178491 -0.3379289 -0.6608601 -0.7025962 -0.5633226 -0.5186558 -0.6065291 -0.6282735 -0.5328039 -0.4374132 -0.3633955 -0.299602 -0.2570189 -0.2033262 -0.1817532 -0.140672 -0.1345415 -0.176485 -0.1889811 -0.1824618 -0.2287439 -0.2890699 -0.3329642 -0.3781114 -0.3316272 -0.3174923 -0.3470589 -0.3224177 -0.2880977 -0.3791062 -0.4002796 -0.2755445 -0.1934764 -0.1543393 -0.1406004 -0.1383927 -0.1764809 -0.2081616 -0.2174914
-0.162925 -0.133332 -0.2420832 -0.19421 -0.2026609 -0.223934 -0.1909368 -0.1584269 -0.1834203 -0.2404633 -0.1719636 -0.1664306 -0.2643339 -0.2174132 -0.2343234 -0.148994 -0.1643396 -0.1412407 -0.1345381 -0.2752147 -0.4913768 -0.8088179 -0.8972902 -0.7541669 -0.7433907 -0.7716118 -0.7054564 -0.5886184 -0.451461 -0.3411142 -0.2538243 -0.1983133 -0.178576 -0.146189 -0.15849 -0.207781 -0.2026179 -0.1647689 -0.1889852 -0.2754042 -0.3849723 -0.378319 -0.3449008 -0.3073322 -0.3373337 -0.3634796 -0.3495661 -0.4154348 -0.4505789 -0.3505835 -0.2366577 -0.1891015 -0.1455267 -0.1345206 -0.154195 -0.1962582 -0.1763758
-0.2110994 -0.151934 -0.2006389 -0.159521 -0.1707249 -0.1862273 -0.1726495 -0.1584836 -0.204999 -0.1668796 -0.1790686 -0.2062212 -0.2145849 -0.19562 -0.1547659 -0.1196099 -0.1584205 -0.1870124 -0.1771813 -0.1813921 -0.2231016 -0.5114632 -0.8397745 -0.818432 -0.6370456 -0.5652168 -0.5558454 -0.4971171 -0.3766394 -0.2918547 -0.2235909 -0.1839501 -0.1763045 -0.1490902 -0.1457319 -0.184364 -0.1839499 -0.1466281 -0.1680066 -0.2800883 -0.3280916 -0.3170501 -0.2737172 -0.2705322 -0.3078802 -0.339072 -0.3361507 -0.3685951 -0.4004838 -0.3517355 -0.263032 -0.2325412 -0.1766786 -0.1520153 -0.1576146 -0.1858466 -0.1849943
-0.2195792 -0.1729846 -0.2220384 -0.1790643 -0.1514893 -0.1851739 -0.1615568 -0.2043577 -0.1550575 -0.1520308 -0.2282175 -0.1993038 -0.195476 -0.2480288 -0.1242797 -0.1345003 -0.1701926 -0.2516108 -0.2520088 -0.1689649 -0.1439598 -0.1942975 -0.3440676 -0.5464076 -0.4922016 -0.4256938 -0.4818414 -0.5454347 -0.4739842 -0.2962493 -0.1957493 -0.1491617 -0.1447515 -0.1328163 -0.1499434 -0.1864999 -0.1864999 -0.1570815 -0.1845732 -0.2778933 -0.315994 -0.3466822 -0.2409715 -0.2162632 -0.2553402 -0.2743734 -0.2851356 -0.3456846 -0.4014526 -0.4093827 -0.3453695 -0.3391019 -0.2790337 -0.1795404 -0.1511277 -0.1510017 -0.1667233
-0.1692869 -0.1753459 -0.2557635 -0.2468696 -0.2024416 -0.2276073 -0.1842037 -0.1552401 -0.1272785 -0.1649752 -0.199382 -0.1691579 -0.2113609 -0.1645684 -0.2134195 -0.1999992 -0.2331442 -0.2446884 -0.1763808 -0.1689552 -0.1254258 -0.1450414 -0.126387 -0.3274945 -0.410349 -0.3971346 -0.4760483 -0.4807558 -0.4352688 -0.3139143 -0.1659722 -0.1334833 -0.1499391 -0.1340117 -0.1538846 -0.2154646 -0.2361789 -0.2149738 -0.2681349 -0.1741612 -0.2282325 -0.3298881 -0.2821554 -0.2312425 -0.2644217 -0.2756888 -0.2879619 -0.3670613 -0.4583434 -0.5479363 -0.5388091 -0.5054903 -0.4168308 -0.2326043 -0.1579509 -0.1563677 -0.1473543
-0.1699318 -0.1921977 -0.2389276 -0.2595402 -0.2551898 -0.264068 -0.2480195 -0.1375323 -0.1312011 -0.2251138 -0.1629725 -0.1558958 -0.1414469 -0.1498254 -0.1362347 -0.150334 -0.2886015 -0.2446869 -0.1792473 -0.1922633 -0.1456524 -0.1248248 -0.1189597 -0.1697939 -0.2589707 -0.2659751 -0.3883588 -0.4023732 -0.335924 -0.3223417 -0.1661449 -0.1849673 -0.2231199 -0.1911965 -0.1645662 -0.1972964 -0.2492269 -0.3044927 -0.2211195 -0.1955492 -0.2030623 -0.2669011 -0.2741761 -0.2150868 -0.2308388 -0.233544 -0.2408528 -0.3078414 -0.4130878 -0.5156925 -0.5383642 -0.5029113 -0.4316545 -0.2783043 -0.1658789 -0.1687002 -0.1387803
