_readme/moea-velma-presentation_2018Feb_tutorial15_hydrology_part1/moeaPortion/5_working_example/BlueRiver_WS10_MOEA/br_heatindex_nad83utm10.asc
ncols         628
nrows         534
xllcorner     553072.11763088
yllcorner     4893995.080683
cellsize      30
NODATA_value  -9999
[rows 350 to 374 of 534, columns 570 to 626 of 628]
-0.4584059 -0.5541323 -0.7520134 -0.5769401 -0.5732201 -0.7231132 -0.6359012 -0.3990132 -0.3923821 -0.5973747 -0.5460473 -0.5399007 -0.7063876 -0.7215141 -0.654068 -0.5723357 -0.5587545 -0.5182598 -0.4504343 -0.413682 -0.3974774 -0.3862018 -0.4342445 -0.4850323 -0.4544447 -0.190759 -0.192962 -0.2727731 -0.2146852 -0.2278661 -0.3648502 -0.4138452 -0.3569387 -0.4232222 -0.5873159 -0.4166687 -0.4574993 -0.6740749 -0.6755025 -0.5005961 -0.5090355 -0.6086442 -0.3208894 -0.2484428 -0.3441701 -0.3572917 -0.3000622 -0.3329748 -0.5879517 -0.7267287 -0.728268 -0.7395132 -0.7811192 -0.5296139 -0.5425351 -0.937368 -0.8775311
-0.4448367 -0.5024627 -0.6863585 -0.5662256 -0.5310286 -0.6862605 -0.6737668 -0.4121394 -0.3755673 -0.5518845 -0.5587488 -0.4924028 -0.6344435 -0.6520323 -0.5599865 -0.5190815 -0.4963591 -0.4936204 -0.488681 -0.4665878 -0.4462949 -0.4869886 -0.56955 -0.5724719 -0.4517109 -0.2106108 -0.2077806 -0.2895316 -0.2218875 -0.2284541 -0.3293992 -0.3611344 -0.3072083 -0.3673382 -0.5526204 -0.3963734 -0.3529845 -0.5996915 -0.7121701 -0.5019009 -0.5105942 -0.6409615 -0.4029957 -0.220984 -0.2560467 -0.3158641 -0.2668542 -0.3075847 -0.5944474 -0.7783073 -0.7682267 -0.7219627 -0.7897393 -0.5616444 -0.5854545 -0.6948722 -0.605091
-0.4542631 -0.4673022 -0.602769 -0.5524085 -0.460062 -0.5486159 -0.6461711 -0.4168692 -0.3931089 -0.5413291 -0.5744561 -0.5608702 -0.7215013 -0.8095592 -0.7277922 -0.6495085 -0.5827455 -0.5120145 -0.469386 -0.4462891 -0.4281681 -0.4966086 -0.6057504 -0.6222441 -0.3945086 -0.2151844 -0.2297309 -0.324896 -0.2688723 -0.2402379 -0.3010665 -0.3514581 -0.2853935 -0.3161485 -0.4862766 -0.4280022 -0.307234 -0.4794315 -0.7514307 -0.5559244 -0.5414974 -0.7054702 -0.5954551 -0.3074374 -0.3010696 -0.3704904 -0.2879063 -0.2972764 -0.5608974 -0.7138166 -0.635992 -0.620472 -0.7830834 -0.6587686 -0.6407034 -0.6762006 -0.6021855
-0.4583881 -0.5064912 -0.6447392 -0.5945717 -0.4596794 -0.5421823 -0.7159252 -0.4920167 -0.4548335 -0.5787162 -0.5354387 -0.5198932 -0.6852142 -0.7565617 -0.7441555 -0.686356 -0.5877766 -0.4636473 -0.3995384 -0.3968153 -0.3948607 -0.4236772 -0.4641766 -0.4939769 -0.305602 -0.1962985 -0.1956736 -0.2730948 -0.2641268 -0.2081519 -0.2193862 -0.2756322 -0.2185922 -0.21194 -0.3268833 -0.3959122 -0.3156454 -0.4063652 -0.69269 -0.521305 -0.5250377 -0.7318188 -0.7014983 -0.3963207 -0.3604961 -0.445098 -0.3336821 -0.2655304 -0.4786308 -0.7038077 -0.559985 -0.5895097 -0.8707245 -0.8881742 -0.8959643 -0.9387826 -0.9103522
-0.5385779 -0.6109139 -0.7951472 -0.7261077 -0.494967 -0.5381454 -0.7849368 -0.572926 -0.5011879 -0.6262913 -0.5648494 -0.493479 -0.4733198 -0.5312323 -0.5541813 -0.5614325 -0.5329046 -0.4524787 -0.3973742 -0.4212114 -0.4762805 -0.5657993 -0.6315607 -0.536885 -0.2596008 -0.1385376 -0.1503143 -0.238834 -0.2604342 -0.2053847 -0.1964673 -0.2265699 -0.1937127 -0.1801235 -0.228434 -0.2985177 -0.2755419 -0.3477572 -0.5888106 -0.4512846 -0.4014546 -0.6327093 -0.7354401 -0.4283082 -0.332415 -0.3149002 -0.2228348 -0.2024177 -0.3580724 -0.6453969 -0.5061961 -0.5368707 -0.8785795 -0.9082479 -0.8984411 -0.9681562 -0.9974227
-0.5530655 -0.5396437 -0.7528285 -0.8087561 -0.5431443 -0.5025804 -0.770061 -0.638258 -0.52272 -0.5964325 -0.5686539 -0.5062192 -0.533217 -0.5925292 -0.6335217 -0.7519801 -0.8354557 -0.7830838 -0.6217032 -0.5778535 -0.5596951 -0.5841334 -0.6477088 -0.5629846 -0.3437734 -0.1563729 -0.1518083 -0.2249041 -0.241752 -0.2110831 -0.2073321 -0.2270884 -0.2016941 -0.1739617 -0.1946717 -0.2630737 -0.267031 -0.34391 -0.5365061 -0.5181804 -0.4048977 -0.5450799 -0.7656625 -0.4288336 -0.3011708 -0.3026594 -0.2486666 -0.2409769 -0.3480071 -0.6025405 -0.4912741 -0.5424178 -0.7371433 -0.6828176 -0.6687921 -0.7261547 -0.7768005
-0.5557522 -0.4293549 -0.5337307 -0.7278417 -0.5205689 -0.4876618 -0.7473695 -0.7383555 -0.6415327 -0.7078031 -0.7860925 -0.7233167 -0.764326 -0.8385068 -0.795451 -0.7770261 -0.853869 -0.8387122 -0.723245 -0.6666895 -0.5648366 -0.4972974 -0.5029328 -0.4953796 -0.4430673 -0.2352339 -0.1809647 -0.2260885 -0.240169 -0.2090551 -0.2044766 -0.2340021 -0.2129234 -0.1522233 -0.123047 -0.146566 -0.17348 -0.265227 -0.4617047 -0.5278021 -0.4372974 -0.4796807 -0.7171972 -0.432837 -0.3065377 -0.3449902 -0.3257044 -0.2829283 -0.3849052 -0.6542996 -0.5435071 -0.6569817 -0.759228 -0.7465695 -0.7573208 -0.9411765 -1.055287
-0.5964345 -0.4427521 -0.4891396 -0.7140276 -0.5601821 -0.5236617 -0.7266985 -0.7340759 -0.6786976 -0.7767045 -0.85075 -0.7515916 -0.735868 -0.8294083 -0.8077329 -0.6709932 -0.6186036 -0.6406744 -0.6051793 -0.550989 -0.5378909 -0.5464185 -0.4608564 -0.4234023 -0.4506574 -0.2936431 -0.1971456 -0.2027346 -0.2299842 -0.1984845 -0.1873292 -0.2379982 -0.2379744 -0.1608777 -0.1159675 -0.1219245 -0.1455504 -0.2104677 -0.3865408 -0.4574962 -0.3686529 -0.396381 -0.6260231 -0.4170269 -0.312133 -0.3530698 -0.3924811 -0.3564367 -0.468326 -0.825336 -0.7627569 -0.820403 -0.9510766 -1.009114 -0.9284583 -0.8715335 -0.9220351
-0.653854 -0.4645871 -0.4828715 -0.7060165 -0.5735974 -0.5662138 -0.7194577 -0.6892017 -0.6158563 -0.7073699 -0.7489557 -0.6355248 -0.571547 -0.638978 -0.7015754 -0.6747347 -0.6679568 -0.7232323 -0.7923046 -0.7579678 -0.6905728 -0.7138261 -0.4702424 -0.4070568 -0.4822273 -0.4060149 -0.2629108 -0.2130486 -0.2489858 -0.20955 -0.1896012 -0.2325424 -0.2334664 -0.1708701 -0.1543391 -0.1804733 -0.1940523 -0.2123765 -0.3042731 -0.3766237 -0.3477968 -0.4164226 -0.6420107 -0.4639428 -0.2452538 -0.2608949 -0.3784226 -0.3680744 -0.4539028 -0.9053751 -0.9136379 -0.8033581 -0.7909262 -0.810738 -0.7260081 -0.5743009 -0.5141461
-0.6666824 -0.4836578 -0.4681224 -0.6810958 -0.5746129 -0.5252565 -0.6915522 -0.7231801 -0.6185007 -0.7076238 -0.8232833 -0.8046204 -0.6453166 -0.7895156 -1.040826 -0.944787 -0.8821427 -0.8689219 -0.8451892 -0.7731463 -0.7289346 -0.8078258 -0.50424 -0.4239713 -0.5475014 -0.5168502 -0.3380484 -0.29024 -0.3547854 -0.2765255 -0.2154635 -0.2403694 -0.2413943 -0.1556668 -0.1419406 -0.1217867 -0.1134213 -0.1162659 -0.1592618 -0.2142696 -0.2103287 -0.3085077 -0.5832079 -0.639576 -0.3151108 -0.3142551 -0.4434217 -0.366386 -0.357213 -0.7140115 -0.6511331 -0.5637913 -0.4885138 -0.423611 -0.5270553 -0.5370325 -0.4523925
-0.5736349 -0.4338653 -0.4440075 -0.6494587 -0.6445472 -0.5529054 -0.697263 -0.8860259 -0.7261211 -0.7528896 -0.9858546 -0.8972473 -0.6721774 -0.78828 -1.075139 -0.9725569 -0.9508788 -1.005744 -0.7979166 -0.6632895 -0.6566791 -0.7860658 -0.5064476 -0.3776094 -0.5289073 -0.576839 -0.3549895 -0.3336545 -0.4563507 -0.3948584 -0.2626922 -0.2720783 -0.3012107 -0.1368246 -0.1211861 -0.1222266 -0.1125511 -0.114346 -0.1319458 -0.1718112 -0.1465282 -0.209527 -0.4525011 -0.7163695 -0.4591058 -0.4447874 -0.5405149 -0.4336027 -0.5129624 -0.5250562 -0.5249963 -0.5349082 -0.5715193 -0.5793129 -0.7116562 -0.7647838 -0.663462
-0.7531949 -0.5336339 -0.5229518 -0.7015569 -0.67877 -0.5598648 -0.6208628 -0.8501585 -0.7465086 -0.736305 -0.9411464 -0.895203 -0.6146591 -0.6508605 -0.8992021 -0.842336 -0.7652272 -0.8331415 -0.8383451 -0.6666971 -0.6397592 -0.7523581 -0.5892856 -0.4260467 -0.5217265 -0.6642992 -0.3968447 -0.3574787 -0.5076387 -0.5135033 -0.3717917 -0.3814939 -0.4724983 -0.1989737 -0.1534435 -0.1783198 -0.1768599 -0.1650694 -0.1686063 -0.2085178 -0.1742172 -0.2134006 -0.3786805 -0.6269982 -0.4360806 -0.3402303 -0.4040833 -0.5933318 -0.7828766 -0.7351131 -0.7452599 -0.7011468 -0.6238779 -0.6177717 -0.7303731 -0.8207042 -0.7406504
-0.9700178 -0.7416748 -0.6547527 -0.8190715 -0.7551449 -0.5688704 -0.5324469 -0.6819755 -0.6442747 -0.593169 -0.7452433 -0.8385068 -0.6406431 -0.6588148 -0.8658481 -0.9689245 -0.9828528 -1.051307 -1.080105 -0.8173695 -0.8016893 -0.8347481 -0.6892175 -0.503305 -0.5402077 -0.7240463 -0.4322181 -0.387688 -0.5434385 -0.5608377 -0.4223177 -0.4469495 -0.603729 -0.3395311 -0.2254235 -0.1944494 -0.1769672 -0.170118 -0.1713671 -0.1870193 -0.1183169 -0.1148404 -0.1447928 -0.3363479 -0.3365335 -0.272576 -0.3199995 -0.6127194 -0.8288259 -0.8034536 -0.8114255 -0.7787961 -0.5776142 -0.448804 -0.4941253 -0.5866481 -0.5576233
-0.7734394 -0.734301 -0.6077279 -0.7516551 -0.8111122 -0.6446761 -0.5637608 -0.6979733 -0.6661083 -0.5823609 -0.7114415 -0.8441064 -0.7240408 -0.7656783 -0.8569369 -0.9269789 -0.9673988 -0.9936998 -1.06283 -0.8334353 -0.8733222 -0.9593019 -0.7527754 -0.4882035 -0.51961 -0.7383141 -0.4572881 -0.4194618 -0.5680897 -0.5706336 -0.4223122 -0.4418952 -0.6348979 -0.3921337 -0.1886938 -0.1365344 -0.1241084 -0.1199797 -0.1439026 -0.1886531 -0.1299036 -0.117278 -0.1429318 -0.238104 -0.2771616 -0.2577007 -0.3164148 -0.4702886 -0.6091388 -0.6280373 -0.6417739 -0.686995 -0.595687 -0.4987771 -0.5238191 -0.6981778 -0.7748461
-0.269242 -0.4258436 -0.474501 -0.486805 -0.587401 -0.599762 -0.5087827 -0.558608 -0.5997618 -0.5461686 -0.6170844 -0.6968704 -0.6936911 -0.7363822 -0.7798038 -0.7807314 -0.7552521 -0.8077138 -0.9194863 -0.7017245 -0.7729996 -0.9639068 -0.8109595 -0.5222727 -0.5637448 -0.7966557 -0.5728683 -0.4270656 -0.527422 -0.5929312 -0.4387421 -0.4733562 -0.6904258 -0.5741562 -0.2769991 -0.1800858 -0.148387 -0.1170742 -0.1379675 -0.2180003 -0.2265777 -0.2262346 -0.2685358 -0.292589 -0.2561129 -0.2365018 -0.3493848 -0.4351427 -0.625596 -0.8148218 -0.9804614 -1.026717 -0.9386405 -0.8271741 -0.7502897 -0.7707584 -0.7907134
-0.1240973 -0.1515987 -0.2278124 -0.2347356 -0.2273545 -0.3078839 -0.2506518 -0.2291632 -0.2901256 -0.3128627 -0.3046997 -0.3255876 -0.4080477 -0.4355305 -0.4906228 -0.6620856 -0.745435 -0.717727 -0.8312117 -0.7194769 -0.7670309 -0.9227136 -0.8949372 -0.591687 -0.5958244 -0.8207219 -0.752258 -0.520201 -0.514178 -0.6634346 -0.4831265 -0.5201702 -0.760914 -0.7551814 -0.488376 -0.3816498 -0.3401159 -0.1956116 -0.1876875 -0.2443863 -0.2854513 -0.2523854 -0.1884098 -0.1417888 -0.1906296 -0.3065002 -0.2766782 -0.3687354 -0.5598978 -0.7564082 -0.9605476 -1.038595 -0.9692579 -0.8582414 -0.7486317 -0.6604328 -0.5961297
-0.120491 -0.1190111 -0.1592205 -0.1795633 -0.1312303 -0.1875865 -0.2117664 -0.1598227 -0.1557251 -0.1964935 -0.1935424 -0.1712308 -0.2364935 -0.3270247 -0.377347 -0.5554081 -0.6122509 -0.6839168 -0.7888187 -0.7568884 -0.715162 -0.7923827 -0.8967707 -0.5812408 -0.5303046 -0.742617 -0.8006503 -0.5722878 -0.5259569 -0.6975129 -0.5041965 -0.5358151 -0.803672 -0.81655 -0.5455139 -0.4387307 -0.44345 -0.2107453 -0.1390624 -0.1509393 -0.1761215 -0.1732837 -0.1397416 -0.1285903 -0.1960772 -0.2652899 -0.2129928 -0.202492 -0.3025308 -0.4230243 -0.6132817 -0.7640615 -0.7217071 -0.6164508 -0.6154669 -0.6487104 -0.6351546
-0.1553301 -0.1369467 -0.1757622 -0.1910789 -0.1355583 -0.1539552 -0.2083608 -0.1659428 -0.129727 -0.1622516 -0.1707702 -0.1505214 -0.1780671 -0.2335411 -0.2835456 -0.341009 -0.400284 -0.5629376 -0.734803 -0.758965 -0.6013268 -0.6302239 -0.8243959 -0.5317617 -0.4572148 -0.6571117 -0.7469636 -0.5399318 -0.5018745 -0.683342 -0.493548 -0.4276339 -0.6814303 -0.8300874 -0.5965968 -0.4882157 -0.5318633 -0.3339869 -0.1729033 -0.1860492 -0.1973651 -0.1826249 -0.1764387 -0.185714 -0.2599033 -0.2429513 -0.1926372 -0.1334412 -0.1750201 -0.2904677 -0.5195843 -0.8389999 -1.040536 -1.075089 -1.035304 -1.059532 -1.103323
-0.165718 -0.1433256 -0.1959793 -0.1927013 -0.1318432 -0.1325583 -0.1811606 -0.1717372 -0.128813 -0.1553999 -0.17065 -0.1621402 -0.1770742 -0.2128665 -0.2811537 -0.2270476 -0.2298441 -0.3727476 -0.6608213 -0.7579584 -0.5549091 -0.5558264 -0.79069 -0.612423 -0.4602688 -0.569566 -0.6909747 -0.5191858 -0.468743 -0.61449 -0.5039978 -0.3482435 -0.4992995 -0.7847914 -0.5607982 -0.5004594 -0.5899707 -0.5113239 -0.3385309 -0.3658561 -0.40488 -0.2557396 -0.1639822 -0.2164445 -0.1528805 -0.2483944 -0.1932696 -0.1171796 -0.1209082 -0.1458392 -0.2604279 -0.6877764 -1.046367 -1.201764 -1.174274 -1.153018 -1.159487
-0.1460167 -0.1242043 -0.1981233 -0.1907131 -0.1238015 -0.1275548 -0.1836336 -0.1771998 -0.1466174 -0.1645542 -0.1770932 -0.1766361 -0.1944743 -0.2338015 -0.2227075 -0.2059993 -0.1887116 -0.2061177 -0.4231111 -0.6598228 -0.5543942 -0.542632 -0.7421475 -0.7151426 -0.4799627 -0.4812277 -0.6273936 -0.4726454 -0.4730519 -0.6002255 -0.5675646 -0.4199935 -0.5400541 -0.8930448 -0.6230958 -0.5467824 -0.6393647 -0.5347744 -0.3424942 -0.2904171 -0.3110355 -0.257956 -0.3213147 -0.2020921 -0.1602836 -0.2739805 -0.2014129 -0.1160227 -0.1141361 -0.1270132 -0.1576836 -0.264989 -0.559839 -0.8277867 -0.8499733 -0.8070188 -0.7987565
-0.158327 -0.1207087 -0.1969061 -0.1856851 -0.1213132 -0.1273344 -0.1794488 -0.1661963 -0.1473719 -0.1582034 -0.1793111 -0.1666569 -0.1688619 -0.184645 -0.2207466 -0.2192996 -0.2021572 -0.1619695 -0.201946 -0.3972126 -0.4269694 -0.5052701 -0.7368824 -0.7733923 -0.4968203 -0.482981 -0.6580649 -0.4777998 -0.5045515 -0.6441818 -0.6328909 -0.4814982 -0.587341 -1.007378 -0.8690122 -0.648144 -0.6561029 -0.5403584 -0.2957995 -0.2287246 -0.2537135 -0.3179006 -0.3504059 -0.2844973 -0.1780059 -0.28162 -0.1963481 -0.1268085 -0.1404159 -0.1439034 -0.1497995 -0.1869872 -0.2784659 -0.6075309 -0.7528713 -0.8833845 -0.9912391
-0.1752764 -0.1270553 -0.1877593 -0.2100361 -0.1237935 -0.117625 -0.1589812 -0.1439282 -0.128492 -0.141692 -0.1637194 -0.1465629 -0.1570571 -0.1841405 -0.2211176 -0.1766512 -0.1598189 -0.1496197 -0.1502395 -0.2110862 -0.2629924 -0.4014499 -0.7301185 -0.7911389 -0.4830327 -0.4749741 -0.7045497 -0.5437958 -0.4575412 -0.5437957 -0.5832726 -0.4221362 -0.4616385 -0.8510219 -0.9319487 -0.6585225 -0.6036965 -0.6026547 -0.2919253 -0.2180414 -0.3128772 -0.2708121 -0.3663504 -0.3563477 -0.2018522 -0.2489086 -0.1654591 -0.1436143 -0.1364491 -0.116487 -0.1141636 -0.158699 -0.1185372 -0.2459265 -0.4894446 -0.8076386 -0.8360536
-0.1880958 -0.1357309 -0.156574 -0.2228238 -0.1485887 -0.1205968 -0.1503482 -0.1448136 -0.1318827 -0.1451818 -0.1408424 -0.1433475 -0.2067064 -0.1909144 -0.1666002 -0.1411009 -0.1394441 -0.153961 -0.168019 -0.1570529 -0.1236969 -0.1866206 -0.5196408 -0.7223667 -0.4726284 -0.413595 -0.6203116 -0.5870008 -0.4121757 -0.4113862 -0.4942712 -0.3531556 -0.4073111 -0.7747896 -0.9531717 -0.6605864 -0.5704598 -0.6627886 -0.3202646 -0.2028376 -0.2609329 -0.2802018 -0.4090172 -0.4756114 -0.3341138 -0.2938366 -0.1700719 -0.129392 -0.1201149 -0.1264568 -0.1133226 -0.1578124 -0.1186523 -0.1365062 -0.211134 -0.3711724 -0.5490823
-0.2049322 -0.1348651 -0.1367714 -0.1987707 -0.1659629 -0.1375002 -0.1603638 -0.1595925 -0.1492974 -0.1486783 -0.1365039 -0.1608085 -0.2038282 -0.2126175 -0.2009344 -0.1872783 -0.1880212 -0.194819 -0.212289 -0.1584411 -0.1222703 -0.1213008 -0.2617107 -0.5085622 -0.3964896 -0.3716263 -0.5341598 -0.5828544 -0.4062788 -0.3927339 -0.4984932 -0.3784527 -0.4495697 -0.8340794 -0.9887849 -0.6837409 -0.5750115 -0.6847543 -0.4402898 -0.4143291 -0.3882753 -0.4387236 -0.5206224 -0.5504612 -0.4371248 -0.3625893 -0.2531653 -0.1443319 -0.1262442 -0.1415311 -0.1373631 -0.1726325 -0.1872045 -0.1502861 -0.1465987 -0.1881419 -0.3214493
-0.2315746 -0.1346577 -0.1385949 -0.1934166 -0.1680271 -0.1431166 -0.1663069 -0.1806416 -0.1404113 -0.135867 -0.129475 -0.1606778 -0.2126657 -0.2221332 -0.1906748 -0.1954247 -0.1828477 -0.1607803 -0.1444133 -0.1300811 -0.1181877 -0.1215336 -0.186611 -0.3307517 -0.3020754 -0.3572147 -0.5443307 -0.6121807 -0.4266184 -0.4420542 -0.5502071 -0.3778223 -0.4343506 -0.842108 -0.9894781 -0.7392663 -0.5607325 -0.6311668 -0.5595795 -0.4761264 -0.4613217 -0.4820148 -0.5555773 -0.5243196 -0.3620435 -0.2899515 -0.3043583 -0.2232742 -0.176123 -0.1792903 -0.1822156 -0.1968995 -0.1831555 -0.1186054 -0.1191889 -0.17822 -0.1715278
