_readme/moea-velma-presentation_2018Feb_tutorial15_hydrology_part1/moeaPortion/5_working_example/BlueRiver_WS10_MOEA/brbiosize30m_JPDEMstd_0flatProc.asc
ncols 628
nrows 534
xllcorner 553072.11763088
yllcorner 4893995.080683
cellsize 30.0
nodata_value -9999.0
[rows 128 to 159 of 534, columns 0 to 72 of 628]
412.0 668.0 652.0 646.0 666.0 665.0 661.0 670.0 670.0 670.0 664.0 674.0 669.0 669.0 680.0 676.0 675.0 673.0 679.0 685.0 704.0 718.0 730.0 737.0 743.0 737.0 740.0 741.0 741.0 729.0 728.0 729.0 722.0 729.0 736.0 743.0 748.0 748.0 752.0 756.0 761.0 767.0 771.0 772.0 775.0 773.0 764.0 763.0 763.0 763.0 758.0 757.0 762.0 767.0 798.0 807.0 818.0 837.0 846.0 856.0 856.0 869.0 878.0 888.0 908.0 923.0 935.0 949.0 968.0 980.0 994.0 1014.0 1025.0
412.0 668.0 657.0 662.0 678.0 676.0 673.0 685.0 681.0 682.0 682.0 687.0 685.0 684.0 689.0 688.0 687.0 678.0 680.5 688.0 705.0 718.0 723.0 729.0 734.0 726.0 728.0 729.0 730.0 721.0 721.0 721.0 714.0 720.0 730.0 738.0 742.0 746.0 751.0 756.0 761.0 766.0 769.0 769.0 770.0 768.0 764.0 755.0 754.0 755.0 755.0 761.0 772.0 772.0 799.0 807.0 818.0 835.0 842.0 852.0 861.0 874.0 883.0 894.0 912.0 928.0 942.0 955.0 972.0 986.0 1001.0 1019.0 1028.0
412.0 690.0 671.0 674.0 690.0 686.0 685.0 694.0 691.0 689.0 688.0 691.0 690.0 690.0 689.0 693.0 690.0 686.0 678.5 688.0 702.0 713.0 714.0 714.0 719.0 714.0 716.0 718.0 720.0 713.0 713.0 713.0 712.0 717.0 725.0 735.0 738.0 743.0 749.0 756.0 760.0 764.0 767.0 765.0 765.0 762.0 757.0 753.0 748.0 747.0 757.0 766.0 777.0 791.0 805.0 815.0 826.0 837.0 844.0 855.0 865.0 875.0 884.0 896.0 909.0 927.0 942.0 957.0 973.0 990.0 990.0 1006.0 1019.0
412.0 688.0 673.0 686.0 700.0 698.0 695.0 694.0 696.0 693.0 692.0 694.0 694.0 694.0 694.0 699.0 694.0 694.0 689.0 679.0 686.0 697.0 694.0 703.0 709.0 705.0 707.0 709.0 711.0 707.6666666666667 706.0 707.0 712.0 711.0 718.0 731.0 731.0 738.0 747.0 755.0 752.0 758.0 761.0 760.0 761.0 761.0 758.0 749.0 744.0 748.0 766.0 778.0 790.0 798.0 808.0 819.0 829.0 838.0 847.0 858.0 867.0 874.0 882.0 882.0 894.0 903.0 922.0 939.0 955.0 971.0 990.0 1005.0 1014.0
412.0 690.0 686.0 696.0 711.0 710.0 708.0 703.0 700.0 698.0 698.0 700.0 698.0 697.0 699.0 708.0 706.0 701.0 703.0 686.0 682.0 685.0 687.0 694.0 700.0 705.0 697.0 699.6666666666666 702.3333333333334 705.0 707.0 707.5 708.0 708.6666666666666 709.3333333333334 710.0 711.0 724.0 734.0 746.0 746.0 753.0 757.0 756.0 757.0 757.0 755.0 742.0 739.0 751.0 772.0 784.0 793.0 800.0 808.0 819.0 829.0 829.0 841.0 850.0 858.0 860.0 868.0 877.0 889.0 899.0 920.0 936.0 952.0 968.0 984.0 999.0 997.0
412.0 695.0 698.0 707.0 721.0 723.0 721.0 716.0 717.0 708.0 703.0 706.0 705.0 705.0 707.0 714.0 714.0 712.0 703.0 701.0 686.0 683.0 695.0 694.0 694.5 695.0 699.0 699.0 700.0 730.0 726.0 720.0 709.0 725.0 717.0 712.5555755768705 710.6666866349078 716.0 727.0 738.0 734.0 743.0 751.0 756.0 750.0 751.0 750.0 737.6666769692301 735.0 754.0 754.0 773.0 783.0 791.0 799.0 808.0 820.0 831.0 842.0 848.0 853.0 849.0 857.0 870.0 884.0 895.0 916.0 933.0 946.0 963.0 975.0 987.0 977.0
412.0 709.0 705.0 716.0 735.0 734.0 731.0 725.0 724.0 714.0 707.0 706.0 712.0 713.0 714.0 721.0 723.0 723.0 717.0 721.0 721.0 710.0 719.0 715.0 709.0 700.0 721.0 721.0 728.0 750.0 746.0 741.0 732.0 744.0 735.0 714.0 715.7777978896304 711.3333533203064 717.0 726.0 722.0 728.0 737.0 746.0 734.0 740.0 743.0 733.3333539384602 736.0779754308919 738.0 754.0 767.0 780.0 790.0 797.0 806.0 819.0 831.0 832.0 838.0 844.0 837.0 848.0 865.0 881.0 889.0 908.0 908.0 927.0 936.0 954.0 965.0 959.0
412.0 724.0 728.0 734.0 735.0 744.0 740.0 733.0 732.0 722.0 714.0 713.0 721.0 720.0 720.0 730.0 732.0 733.0 730.0 736.0 732.0 726.0 738.0 736.0 735.0 729.0 743.0 748.0 752.0 750.0 760.0 755.0 750.0 755.0 745.0 725.0 730.0 719.0 712.0 716.0 723.0 723.0 723.5 724.0 725.0 730.0 730.5 731.0 734.0 737.0 751.0 759.0 774.0 787.0 791.0 798.0 808.0 821.0 815.0 823.0 823.0 829.0 827.0 842.0 859.0 862.0 878.0 900.0 920.0 928.0 942.0 953.0 947.0
412.0 743.0 747.0 749.0 747.0 755.0 749.0 749.0 746.0 738.0 728.0 721.0 729.0 730.0 729.0 743.0 744.0 741.0 739.0 745.0 743.0 743.0 738.0 750.0 748.0 746.0 761.0 765.0 765.0 763.0 773.0 773.0 769.0 767.0 761.0 750.0 732.0 728.0 718.0 721.0 733.0 733.0 724.0 734.75 729.0 730.0 731.0 732.0 738.6666666666666 735.0 745.0 751.0 765.0 779.0 779.0 780.0 787.0 790.0 792.0 801.0 806.0 814.0 818.0 832.0 850.0 849.0 868.0 891.0 912.0 917.0 929.0 939.0 937.0
412.0 758.0 761.0 764.0 763.0 769.0 762.0 755.0 752.0 744.0 734.0 729.0 741.0 744.0 744.0 743.0 753.0 750.0 748.0 756.0 754.0 754.0 752.0 763.0 763.0 762.0 775.0 777.0 784.0 782.0 789.0 784.0 777.0 771.0 764.0 757.0 744.0 733.0 720.0 725.0 743.0 745.0 741.0 731.0 746.0 742.0 737.0 737.0 743.0 739.0 736.5 738.5 742.0 754.0 769.0 765.0 775.0 783.0 784.0 789.0 791.0 806.0 807.0 818.0 833.0 843.0 861.0 882.0 903.0 905.0 916.0 916.0 924.0
412.0 776.0 780.0 779.0 775.0 779.0 768.0 760.0 752.0 750.0 742.0 739.0 753.0 755.0 755.0 755.0 763.0 763.0 760.0 769.0 767.0 768.0 768.0 780.0 775.0 773.0 789.0 790.0 791.0 791.0 794.0 789.0 782.0 772.0 766.0 761.0 751.0 737.0 723.0 730.0 743.0 748.0 755.0 755.0 767.0 766.0 762.0 755.0 758.0 744.0 741.0 738.0 740.0 745.0 753.0 754.0 765.0 776.0 773.0 777.0 784.0 795.0 794.0 805.0 805.0 822.0 833.0 850.0 870.0 878.0 894.0 903.0 912.0
412.0 776.0 790.0 789.0 786.0 788.0 774.0 765.0 758.0 758.0 750.0 750.0 759.0 763.0 766.0 766.0 779.0 777.0 773.0 784.0 781.0 782.0 782.0 792.0 791.0 789.0 797.0 796.0 797.0 796.0 796.0 792.0 783.0 772.0 773.0 767.0 762.0 754.0 741.0 727.0 735.0 752.0 763.0 768.0 781.0 781.0 777.0 770.0 774.0 760.0 747.0 749.0 746.0 743.0 745.0 747.0 755.0 755.0 766.0 758.0 764.0 776.0 778.0 785.0 798.0 817.0 822.0 840.0 862.0 867.0 880.0 890.0 902.0
412.0 789.0 798.0 798.0 798.0 802.0 794.0 783.0 769.0 767.0 761.0 758.0 770.0 774.0 776.0 778.0 790.0 789.0 788.0 795.0 792.0 791.0 792.0 798.0 798.0 797.0 797.0 801.0 801.0 800.0 799.0 797.0 793.0 784.0 777.0 769.0 763.0 756.0 744.0 731.0 737.0 755.0 769.0 778.0 788.0 790.0 789.0 784.0 787.0 774.0 758.0 758.0 763.0 759.0 751.0 758.0 750.0 751.0 752.0 755.0 757.0 767.0 769.0 777.0 793.0 808.0 814.0 833.0 854.0 850.0 863.0 879.0 892.0
412.0 794.0 806.0 807.0 805.0 808.0 801.0 790.0 775.0 772.0 768.0 767.0 770.0 783.0 787.0 789.0 797.0 797.0 796.0 795.0 799.0 799.0 798.0 804.0 803.0 803.0 802.0 805.0 803.0 802.0 800.0 797.0 793.0 786.0 779.0 772.0 764.0 757.0 744.0 732.0 738.0 756.0 772.0 783.0 783.0 792.0 796.0 797.0 801.0 795.0 782.0 767.0 779.0 774.0 768.0 773.0 765.0 759.0 754.0 768.0 763.0 762.0 769.0 771.0 784.0 800.0 806.0 822.0 822.0 838.0 832.0 851.0 869.0
412.0 803.0 812.0 813.0 812.0 808.0 806.0 797.0 784.0 782.0 778.0 777.0 780.0 795.0 795.0 796.0 801.0 801.0 801.0 801.0 805.0 805.0 804.0 808.0 807.0 807.0 806.0 807.0 806.0 803.0 800.0 797.0 792.0 786.0 780.0 773.0 765.0 757.0 756.0 743.0 742.5 748.0 758.0 773.0 784.0 795.0 801.0 803.0 808.0 803.0 791.0 783.0 796.0 789.0 782.0 788.0 782.0 779.0 774.0 786.0 778.0 778.0 772.0 776.0 771.5 772.0 783.0 796.0 808.0 820.0 823.0 843.0 857.0
412.0 812.0 819.0 819.0 817.0 813.0 810.0 803.0 803.0 800.0 793.0 790.0 790.0 802.0 802.0 802.0 805.0 804.0 804.0 805.0 810.0 809.0 809.0 811.0 810.0 810.0 809.0 809.0 806.0 803.0 800.0 800.0 797.0 793.0 787.0 781.0 773.0 765.0 755.0 748.25 747.5 753.0 764.0 775.0 785.0 799.0 806.0 809.0 816.0 813.0 804.0 801.0 812.0 804.0 804.0 795.0 803.0 797.0 796.0 812.0 802.0 791.0 783.0 783.0 776.0 772.0 780.0 785.0 794.0 807.0 818.0 834.0 845.0
412.0 821.0 826.0 824.0 822.0 820.0 817.0 813.0 807.0 806.0 803.0 801.0 801.0 808.0 807.0 806.0 809.0 808.0 808.0 809.0 814.0 813.0 812.0 811.0 812.0 812.0 811.0 811.0 809.0 806.0 803.0 800.0 797.0 792.0 786.0 781.0 772.0 764.0 754.0 750.3125 747.5625 758.0 771.0 783.0 790.0 804.0 811.0 815.0 815.0 825.0 824.0 819.0 829.0 828.0 822.0 811.0 822.0 817.0 816.0 830.0 818.0 804.0 791.0 789.0 782.0 779.0 782.0 781.0 785.0 800.0 808.0 808.0 820.0
412.0 828.0 831.0 828.0 824.0 821.0 820.0 815.0 810.0 811.0 809.0 808.0 807.0 812.0 811.0 810.0 809.0 813.0 813.0 813.0 817.0 818.0 817.0 816.0 817.0 815.0 813.0 813.0 809.0 807.0 803.0 800.0 796.0 792.0 785.0 779.0 771.0 763.0 752.0 751.5 747.625 758.25 761.0 778.0 789.0 803.0 811.0 817.0 822.0 833.0 834.0 832.0 843.0 842.0 839.0 831.0 844.0 842.0 839.0 846.0 832.0 816.0 799.0 794.0 789.0 789.0 792.0 787.0 783.0 786.0 789.0 796.0 805.0
412.0 832.0 833.0 830.0 827.0 823.0 821.0 817.0 814.0 811.0 814.0 814.0 813.0 816.0 815.0 815.0 815.0 817.0 816.0 817.0 820.0 820.0 819.0 818.0 817.0 815.0 814.0 814.0 810.0 807.0 803.0 800.0 796.0 791.0 785.0 783.0 776.0 769.0 760.0 749.0 747.6875 749.0 765.0 782.0 794.0 808.0 817.0 824.0 829.0 841.0 844.0 845.0 859.0 856.0 854.0 850.0 865.0 863.0 863.0 868.0 854.0 839.0 821.0 812.0 803.0 797.0 792.0 793.0 787.0 786.0 787.0 789.0 794.0
412.0 835.0 833.0 832.0 828.0 828.0 826.0 823.0 820.0 818.0 819.0 819.0 818.0 820.0 819.0 819.0 818.0 820.0 818.0 819.0 821.0 821.0 821.0 819.0 819.0 817.0 816.0 814.0 816.0 813.0 808.0 807.0 802.0 795.0 790.0 782.0 775.0 768.0 760.0 752.6214447021484 747.75 752.0 769.0 783.0 796.0 811.0 821.0 830.0 836.0 848.0 857.0 857.0 872.0 873.0 872.0 869.0 878.0 877.0 874.0 868.0 856.0 841.0 826.0 824.0 820.0 812.0 804.0 802.0 791.0 787.0 789.0 789.0 796.0
412.0 841.0 838.0 838.0 834.0 829.0 828.0 826.0 824.0 822.0 825.0 824.0 822.0 825.0 823.0 822.0 821.0 822.0 821.0 821.0 821.0 822.0 822.0 822.0 822.0 820.0 819.0 818.0 818.0 816.0 811.0 810.0 804.0 796.0 790.0 785.0 778.0 769.0 758.0 752.0625 747.8125 756.0 774.0 786.0 800.0 805.0 815.0 826.0 834.0 845.0 852.0 867.0 872.0 882.0 881.0 879.0 884.0 883.0 880.0 870.0 857.0 846.0 833.0 838.0 835.0 828.0 816.0 811.0 811.0 799.0 804.0 795.0 790.0
412.0 844.0 841.0 841.0 837.0 831.0 832.0 831.0 830.0 828.0 831.0 829.0 827.0 825.0 826.0 826.0 824.0 825.0 824.0 823.0 823.0 824.0 823.0 823.0 823.0 822.0 821.0 820.0 821.0 818.0 814.0 813.0 808.0 801.0 792.0 786.0 779.0 769.0 769.0 758.0 748.125 748.0 769.0 784.0 794.0 805.0 821.0 830.0 838.0 848.0 855.0 868.0 878.0 886.0 887.0 886.0 888.0 885.0 880.0 871.0 865.0 857.0 857.0 861.0 851.0 847.0 839.0 833.0 823.0 816.0 804.0 804.0 792.0
412.0 849.0 845.0 844.0 840.0 835.0 832.0 838.0 838.0 837.0 841.0 837.0 834.0 831.0 831.0 828.0 826.0 827.0 826.0 825.0 824.0 825.0 824.0 824.0 825.0 825.0 824.0 823.0 823.0 821.0 817.0 813.0 817.0 812.0 805.0 796.0 787.0 780.0 769.0 758.0 749.0 753.0 776.0 790.0 802.0 811.0 828.0 835.0 842.0 853.0 862.0 874.0 883.0 891.0 892.0 892.0 894.0 890.0 887.0 883.0 881.0 876.0 870.0 861.0 863.0 857.0 848.0 844.0 838.0 833.0 819.0 815.0 801.0
412.0 854.0 854.0 854.0 848.0 843.0 840.0 844.0 844.0 843.0 844.0 842.0 838.0 833.0 832.0 829.0 828.0 828.0 827.0 826.0 825.0 826.0 826.0 825.0 825.0 827.0 827.0 827.0 829.0 828.0 825.0 822.0 821.0 815.0 807.0 795.0 786.0 778.0 769.0 757.0 751.0 761.0 782.0 795.0 807.0 816.0 832.0 840.0 840.0 851.0 862.0 876.0 883.0 893.0 895.0 895.0 894.0 895.0 891.0 887.0 888.0 885.0 878.0 871.0 875.0 868.0 855.0 858.0 854.0 845.0 831.0 826.0 826.0
412.0 865.0 859.0 858.0 852.0 847.0 844.0 848.0 847.0 846.0 846.0 844.0 841.0 835.0 833.0 831.0 829.0 828.0 828.0 828.0 827.0 827.0 827.0 827.0 827.0 829.0 829.0 829.0 835.0 836.0 834.0 829.0 826.0 817.0 808.0 794.0 786.0 779.0 770.0 756.0 755.0 766.0 770.0 787.0 800.0 812.0 827.0 837.0 844.0 851.0 871.0 882.0 889.0 897.0 899.0 899.0 898.0 900.0 896.0 892.0 895.0 890.0 885.0 880.0 883.0 883.0 873.0 875.0 870.0 866.0 857.0 854.0 839.0
412.0 870.0 864.0 862.0 855.0 851.0 849.0 850.0 849.0 848.0 846.0 845.0 845.0 842.0 838.0 835.0 833.0 830.0 829.0 828.0 827.5 828.0 828.0 828.0 828.0 831.0 833.0 834.0 847.0 849.0 847.0 838.0 830.0 820.0 808.0 809.0 797.0 788.0 780.0 765.0 755.3333333333334 758.0 770.0 790.0 804.0 816.0 831.0 840.0 847.0 855.0 876.0 886.0 893.0 900.0 903.0 905.0 904.0 907.0 902.0 902.0 903.0 901.0 896.0 893.0 895.0 889.0 881.0 875.0 882.0 877.0 867.0 866.0 851.0
412.0 874.0 869.0 862.0 860.0 860.0 855.0 855.0 853.0 851.0 849.0 848.0 846.0 842.0 840.0 837.0 834.0 831.0 829.0 829.0 828.0 829.0 829.0 829.0 830.0 837.0 840.0 844.0 863.0 863.0 864.0 860.0 858.0 834.0 822.0 809.0 800.0 790.0 780.0 764.0 755.6666666666666 761.0 774.0 793.0 807.0 819.0 834.0 842.0 850.0 859.0 879.0 889.0 889.0 898.0 905.0 912.0 914.0 922.0 915.0 908.0 903.0 907.0 903.0 899.0 902.0 896.0 891.0 887.0 896.0 889.0 878.0 877.0 864.0
412.0 887.0 879.0 873.0 872.0 866.0 861.0 859.0 855.0 852.0 851.0 849.0 847.0 844.0 841.0 837.0 834.0 831.0 829.5 829.0 829.0 831.0 831.0 832.0 833.0 843.0 848.0 854.0 859.0 876.0 876.0 870.0 867.0 841.0 824.0 814.0 802.0 791.0 780.0 762.0 756.0 764.0 777.0 795.0 809.0 809.0 824.0 836.0 844.0 851.0 867.0 882.0 891.0 898.0 915.0 924.0 926.0 935.0 928.0 917.0 910.0 913.0 909.0 905.0 911.0 907.0 905.0 902.0 912.0 912.0 901.0 901.0 889.0
412.0 895.0 885.0 878.0 877.0 871.0 866.0 865.0 858.0 854.0 852.0 850.0 847.0 844.0 840.0 837.0 837.0 834.0 830.0 830.0 830.0 831.0 837.0 839.0 841.0 856.0 864.0 870.0 875.0 888.0 886.0 879.0 874.0 850.0 828.0 817.0 802.0 790.0 778.0 775.0 759.0 759.0 767.0 779.0 794.0 810.0 824.0 836.0 845.0 853.0 868.0 883.0 893.0 902.0 925.0 935.0 938.0 947.0 940.0 931.0 922.0 924.0 924.0 915.0 931.0 926.0 919.0 919.0 933.0 924.0 914.0 918.0 905.0
412.0 902.0 893.0 884.0 883.0 877.0 871.0 870.0 863.0 863.0 857.0 854.0 850.0 847.0 843.0 840.0 837.0 833.0 831.0 832.0 834.0 835.0 845.0 848.0 851.0 875.0 883.0 886.0 888.0 899.0 894.0 886.0 890.0 876.0 854.0 831.0 813.0 799.0 787.0 775.0 764.0 764.0 769.0 780.0 793.0 808.0 822.0 835.0 846.0 854.0 871.0 883.0 892.0 908.0 933.0 945.0 945.0 962.0 959.0 954.0 947.0 956.0 945.0 936.0 957.0 949.0 940.0 937.0 950.0 938.0 927.0 918.0 928.0
412.0 911.0 911.0 900.0 900.0 890.0 883.0 877.0 874.0 867.0 860.0 854.0 851.0 847.0 843.0 842.0 838.0 834.0 838.0 838.0 840.0 842.0 856.0 861.0 867.0 893.0 893.0 899.0 901.0 915.0 909.0 901.0 890.0 874.0 854.0 830.0 811.0 796.0 783.0 769.0 768.0 771.0 774.0 788.0 799.0 811.0 821.0 838.0 850.0 850.0 863.0 868.0 881.0 898.0 929.0 943.0 956.0 962.0 975.0 971.0 965.0 975.0 966.0 960.0 957.0 977.0 969.0 960.0 968.0 955.0 944.0 936.0 951.0
412.0 931.0 921.0 908.0 907.0 898.0 891.0 883.0 876.0 869.0 862.0 856.0 852.0 848.0 845.0 842.0 841.0 839.0 845.0 845.0 846.0 847.0 867.0 875.0 882.0 889.0 915.0 918.0 918.0 933.0 920.0 903.0 889.0 868.0 848.0 825.0 807.0 791.0 776.0 776.0 774.0 781.0 781.0 799.0 805.0 812.0 821.0 844.0 850.0 859.0 863.0 875.0 891.0 911.0 941.0 959.0 972.0 975.0 991.0 989.0 984.0 1000.0 993.0 986.0 981.0 998.0 998.0 993.0 1002.0 987.0 972.0 961.0 970.0
