_readme/moea-velma-presentation_2018Feb_tutorial15_hydrology_part1/moeaPortion/5_working_example/BlueRiver_WS10_MOEA/brbiosize30m_JPDEMstd_0flatProc.asc
ncols 628
nrows 534
xllcorner 553072.11763088
yllcorner 4893995.080683
cellsize 30.0
nodata_value -9999.0
[rows 128 to 159 of 534, columns 73 to 145 of 628]
1029.0 1032.0 1041.0 1040.0 1040.0 1046.0 1052.0 1053.0 1055.0 1064.0 1064.0 1065.0 1065.0 1070.0 1074.0 1076.0 1077.0 1084.0 1089.0 1095.0 1107.0 1117.0 1124.0 1125.0 1133.0 1140.0 1146.0 1144.0 1150.0 1153.0 1150.0 1154.0 1159.0 1159.0 1159.0 1165.0 1172.0 1183.0 1193.0 1210.0 1229.0 1244.0 1256.0 1268.0 1280.0 1288.0 1294.0 1298.0 1299.0 1302.0 1307.0 1312.0 1315.0 1324.0 1330.0 1328.0 1329.0 1329.0 1330.0 1325.0 1325.0 1326.0 1322.0 1324.0 1324.0 1324.0 1321.0 1321.0 1320.0 1319.0 1315.0 1312.0 1308.0
1033.0 1038.0 1036.0 1037.0 1037.0 1040.0 1040.0 1048.0 1053.0 1058.0 1064.0 1065.0 1067.0 1066.0 1068.0 1072.0 1067.0 1075.0 1085.0 1094.0 1102.0 1112.0 1118.0 1115.0 1121.0 1131.0 1138.0 1129.0 1136.0 1141.0 1146.0 1142.0 1148.0 1153.0 1154.0 1160.0 1169.0 1180.0 1193.0 1211.0 1229.0 1245.0 1257.0 1269.0 1281.0 1287.0 1292.0 1296.0 1296.0 1299.0 1299.0 1303.0 1303.0 1311.0 1320.0 1321.0 1324.0 1324.0 1325.0 1320.0 1320.0 1321.0 1322.0 1320.0 1321.0 1322.0 1320.0 1319.0 1318.0 1317.0 1311.0 1309.0 1304.0
1027.0 1031.0 1024.0 1025.0 1027.0 1031.0 1036.0 1045.0 1051.0 1052.0 1058.0 1061.0 1063.0 1056.0 1058.0 1062.0 1058.0 1068.0 1079.0 1090.0 1086.0 1095.0 1104.0 1109.0 1106.0 1112.0 1122.0 1121.0 1127.0 1133.0 1137.0 1133.0 1139.0 1146.0 1150.0 1159.0 1169.0 1180.0 1194.0 1213.0 1230.0 1246.0 1259.0 1270.0 1270.0 1280.0 1285.0 1290.0 1291.0 1293.0 1295.0 1298.0 1298.0 1306.0 1316.0 1321.0 1319.0 1320.0 1320.0 1314.0 1315.0 1316.0 1319.0 1317.0 1319.0 1319.0 1317.0 1317.0 1316.0 1316.0 1309.0 1307.0 1305.0
1021.0 1023.0 1009.0 1011.0 1015.0 1024.0 1032.0 1039.0 1045.0 1042.0 1047.0 1051.0 1054.0 1044.0 1044.0 1046.0 1050.0 1051.0 1064.0 1075.0 1081.0 1089.0 1096.0 1101.0 1097.0 1104.0 1113.0 1112.0 1118.0 1124.0 1128.0 1124.0 1130.0 1139.0 1149.0 1160.0 1168.0 1168.0 1180.0 1194.0 1213.0 1231.0 1247.0 1260.0 1271.0 1279.0 1284.0 1287.0 1291.0 1290.0 1292.0 1294.0 1294.0 1301.0 1309.0 1316.0 1312.0 1313.0 1313.0 1308.0 1308.0 1310.0 1312.0 1310.0 1313.0 1316.0 1312.0 1313.0 1312.0 1311.0 1304.0 1303.0 1299.0
1003.0 1007.0 991.0 999.0 1007.0 1019.0 1020.0 1020.0 1031.0 1037.0 1034.0 1038.0 1041.0 1035.0 1037.0 1037.0 1041.0 1048.0 1060.0 1070.0 1073.0 1082.0 1088.0 1092.0 1088.0 1095.0 1104.0 1104.0 1110.0 1115.0 1115.0 1109.0 1114.0 1124.0 1136.0 1150.0 1160.0 1169.0 1182.0 1194.0 1213.0 1231.0 1246.0 1260.0 1271.0 1278.0 1284.0 1286.0 1288.0 1286.0 1288.0 1290.0 1288.0 1295.0 1295.0 1301.0 1300.0 1304.0 1305.0 1299.0 1301.0 1304.0 1307.0 1306.0 1309.0 1311.0 1312.0 1308.0 1307.0 1307.0 1299.0 1297.0 1293.0
982.0 982.0 986.0 979.0 989.0 997.0 993.0 1009.0 1021.0 1028.0 1025.0 1028.0 1032.0 1025.0 1025.0 1028.0 1037.0 1043.0 1053.0 1063.0 1063.0 1073.0 1079.0 1084.0 1075.0 1080.0 1087.0 1089.0 1095.0 1101.0 1106.0 1101.0 1110.0 1124.0 1136.0 1150.0 1160.0 1170.0 1183.0 1195.0 1215.0 1232.0 1247.0 1260.0 1269.0 1275.0 1281.0 1281.0 1283.0 1281.0 1282.0 1284.0 1279.0 1281.0 1289.0 1295.0 1292.0 1295.0 1297.0 1299.0 1294.0 1298.0 1302.0 1302.0 1305.0 1307.0 1308.0 1304.0 1303.0 1301.0 1296.0 1294.0 1291.0
964.0 969.0 972.0 971.0 977.0 983.0 982.0 998.0 1009.0 1018.0 1013.0 1017.0 1021.0 1015.0 1015.0 1022.0 1033.0 1027.0 1035.0 1043.0 1052.0 1052.0 1063.0 1070.0 1066.0 1075.0 1082.0 1089.0 1088.0 1093.0 1096.0 1098.0 1112.0 1126.0 1138.0 1149.0 1160.0 1170.0 1183.0 1195.0 1215.0 1215.0 1233.0 1248.0 1259.0 1265.0 1271.0 1277.0 1279.0 1276.0 1277.0 1279.0 1279.0 1275.0 1281.0 1288.0 1283.0 1286.0 1288.0 1291.0 1287.0 1293.0 1298.0 1298.0 1298.0 1301.0 1303.0 1299.0 1299.0 1298.0 1290.0 1287.0 1284.0
957.0 963.0 967.0 959.0 963.0 969.0 972.0 982.0 993.0 1005.0 995.0 995.0 1002.0 1010.0 1004.0 1005.0 1015.0 1020.0 1028.0 1034.0 1042.0 1042.0 1051.0 1058.0 1058.0 1069.0 1077.0 1083.0 1082.0 1086.0 1090.0 1098.0 1113.0 1126.0 1126.0 1135.0 1147.0 1160.0 1170.0 1181.0 1193.0 1214.0 1233.0 1247.0 1258.0 1265.0 1267.0 1272.0 1274.0 1270.0 1270.0 1270.0 1271.0 1268.0 1275.0 1279.0 1275.0 1275.0 1277.0 1280.0 1278.0 1283.0 1289.0 1290.0 1293.0 1296.0 1298.0 1293.0 1293.0 1292.0 1290.0 1279.0 1277.0
948.0 954.0 958.0 941.0 941.0 946.0 960.0 963.0 970.0 978.0 968.0 977.0 988.0 998.0 991.0 993.0 1005.0 1010.0 1020.0 1027.0 1034.0 1034.0 1040.0 1047.0 1050.0 1063.0 1071.0 1071.0 1071.0 1076.0 1080.0 1086.0 1097.0 1110.0 1123.0 1132.0 1144.0 1158.0 1170.0 1179.0 1192.0 1214.0 1230.0 1243.0 1255.0 1262.0 1262.0 1266.0 1268.0 1263.0 1263.0 1263.0 1264.0 1260.0 1263.0 1268.0 1265.0 1268.0 1271.0 1273.0 1276.0 1281.0 1286.0 1290.0 1288.0 1292.0 1293.0 1286.0 1285.0 1284.0 1282.0 1272.0 1271.0
927.0 936.0 941.0 925.0 922.0 932.0 950.0 948.0 956.0 962.0 951.0 965.0 976.0 985.0 975.0 981.0 996.0 1004.0 1013.0 1021.0 1028.0 1019.0 1026.0 1031.0 1033.0 1043.0 1055.0 1065.0 1063.0 1069.0 1075.0 1086.0 1093.0 1105.0 1118.0 1127.0 1140.0 1153.0 1167.0 1177.0 1192.0 1212.0 1227.0 1239.0 1239.0 1250.0 1252.0 1256.0 1260.0 1255.0 1257.0 1257.0 1258.0 1254.0 1259.0 1262.0 1265.0 1261.0 1266.0 1270.0 1275.0 1279.0 1283.0 1285.0 1282.0 1284.0 1286.0 1278.0 1279.0 1277.0 1276.0 1267.0 1265.0
914.0 922.0 925.0 905.0 908.0 923.0 937.0 931.0 938.0 945.0 942.0 958.0 966.0 971.0 959.0 962.0 972.0 983.0 996.0 1005.0 1013.0 1007.0 1012.0 1023.0 1033.0 1038.0 1048.0 1057.0 1054.0 1063.0 1072.0 1083.0 1088.0 1099.0 1111.0 1120.0 1134.0 1149.0 1149.0 1161.0 1177.0 1192.0 1205.0 1222.0 1234.0 1245.0 1245.0 1250.0 1253.0 1255.0 1250.0 1251.0 1252.0 1247.0 1252.0 1255.0 1259.0 1255.0 1263.0 1270.0 1274.0 1274.0 1277.0 1278.0 1276.0 1276.0 1278.0 1272.0 1272.0 1271.0 1269.0 1260.0 1258.0
901.0 907.0 908.0 890.0 899.0 912.0 922.0 914.0 914.0 919.0 923.0 938.0 946.0 954.0 941.0 950.0 965.0 983.0 984.0 994.0 1001.0 988.0 1001.0 1017.0 1028.0 1032.0 1041.0 1048.0 1046.0 1057.0 1069.0 1069.0 1072.0 1082.0 1093.0 1097.0 1111.0 1127.0 1145.0 1163.0 1178.0 1190.0 1205.0 1216.0 1228.0 1238.0 1237.0 1243.0 1246.0 1248.0 1242.0 1243.0 1244.0 1239.0 1239.0 1243.0 1248.0 1248.0 1256.0 1264.0 1268.0 1271.0 1272.0 1275.0 1271.0 1271.0 1272.0 1265.0 1264.0 1264.0 1262.0 1249.0 1243.0
887.0 887.0 891.0 877.0 885.0 893.0 902.0 895.0 903.0 910.0 923.0 927.0 931.0 936.0 928.0 943.0 959.0 971.0 969.0 978.0 984.0 978.0 994.0 1010.0 1010.0 1012.0 1023.0 1033.0 1032.0 1041.0 1051.0 1063.0 1063.0 1074.0 1085.0 1097.0 1107.0 1125.0 1145.0 1164.0 1176.0 1187.0 1201.0 1207.0 1220.0 1230.0 1228.0 1233.0 1233.0 1238.0 1230.0 1232.0 1233.0 1225.0 1228.0 1232.0 1241.0 1248.0 1256.0 1263.0 1264.0 1267.0 1270.0 1270.0 1265.0 1265.0 1265.0 1265.0 1256.0 1254.0 1250.0 1238.0 1235.0
866.0 872.0 876.0 877.0 875.0 883.0 889.0 893.0 900.0 908.0 918.0 913.0 916.0 919.0 927.0 939.0 951.0 961.0 950.0 957.0 964.0 965.0 972.0 985.0 1000.0 1000.0 1011.0 1022.0 1032.0 1031.0 1043.0 1053.0 1057.0 1071.0 1083.0 1094.0 1117.0 1131.0 1149.0 1163.0 1172.0 1172.0 1182.0 1187.0 1201.0 1213.0 1212.0 1218.0 1224.0 1228.0 1219.0 1222.0 1224.0 1215.0 1220.0 1230.0 1240.0 1246.0 1253.0 1259.0 1264.0 1261.0 1262.0 1263.0 1254.0 1255.0 1256.0 1256.0 1245.0 1243.0 1241.0 1229.0 1227.0
851.0 856.0 859.0 866.0 867.0 876.0 883.0 891.0 896.0 900.0 907.0 896.0 901.0 904.0 909.0 923.0 932.0 941.0 937.0 947.0 956.0 965.0 962.0 973.0 987.0 981.0 995.0 1009.0 1022.0 1029.0 1040.0 1048.0 1072.0 1081.0 1091.0 1091.0 1113.0 1125.0 1137.0 1150.0 1161.0 1168.0 1176.0 1180.0 1192.0 1203.0 1212.0 1209.0 1214.0 1217.0 1210.0 1212.0 1213.0 1215.0 1220.0 1231.0 1240.0 1242.0 1242.0 1248.0 1253.0 1247.0 1251.0 1253.0 1244.0 1245.0 1246.0 1246.0 1235.0 1232.0 1230.0 1221.0 1219.0
835.0 840.0 847.0 855.0 874.0 874.0 881.0 881.0 883.0 887.0 890.0 884.0 891.0 899.0 909.0 913.0 921.0 929.0 926.0 938.0 948.0 957.0 950.0 960.0 970.0 979.0 994.0 1007.0 1020.5 1034.0 1041.0 1049.0 1075.0 1085.0 1092.0 1101.0 1115.0 1127.0 1138.0 1150.0 1157.0 1164.0 1170.0 1173.0 1184.0 1193.0 1202.0 1197.0 1203.0 1207.0 1200.0 1200.0 1201.0 1204.0 1211.0 1219.0 1229.0 1227.0 1231.0 1236.0 1241.0 1232.0 1237.0 1241.0 1232.0 1236.0 1236.0 1236.0 1227.0 1223.0 1222.0 1221.0 1211.0
813.0 824.0 837.0 851.0 872.0 879.0 879.0 881.0 862.0 872.0 879.0 872.0 883.0 894.0 904.0 901.0 909.0 915.0 917.0 928.0 936.0 936.0 936.0 950.0 958.0 979.0 994.0 1009.0 1023.0 1047.0 1055.0 1063.0 1075.0 1085.0 1095.0 1104.0 1110.0 1122.0 1133.0 1145.0 1147.0 1156.0 1164.0 1167.0 1176.0 1176.0 1184.0 1184.0 1189.0 1194.0 1188.0 1190.0 1194.0 1201.0 1210.0 1217.0 1223.0 1215.0 1217.0 1221.0 1226.0 1220.0 1224.0 1228.0 1232.0 1228.0 1229.0 1228.0 1223.0 1220.0 1216.0 1213.0 1205.0
813.0 825.0 842.0 861.0 866.0 865.0 860.0 856.0 848.0 856.0 857.0 877.0 883.0 888.0 893.0 895.0 899.0 903.0 908.0 913.0 920.0 928.0 947.0 958.0 967.0 979.0 1007.0 1022.0 1037.0 1050.0 1059.0 1068.0 1077.0 1079.0 1090.0 1100.0 1103.0 1114.0 1114.0 1125.0 1125.0 1138.0 1148.0 1152.0 1162.0 1170.0 1177.0 1176.0 1180.0 1184.0 1178.0 1183.0 1191.0 1201.0 1208.0 1212.0 1214.0 1215.0 1207.0 1210.0 1214.0 1207.0 1212.0 1216.0 1218.0 1216.0 1222.0 1224.0 1219.0 1216.0 1211.0 1207.0 1199.0
808.0 825.0 842.0 858.0 844.0 842.0 838.0 841.0 848.0 854.0 861.0 889.0 893.0 893.0 894.0 907.0 909.0 909.0 908.0 926.0 927.0 934.0 950.0 962.0 974.0 992.0 1012.0 1027.0 1040.0 1041.0 1051.0 1060.0 1060.0 1057.0 1068.0 1081.0 1084.0 1095.0 1104.0 1114.0 1120.0 1132.0 1142.0 1149.0 1156.0 1164.0 1170.0 1168.0 1171.0 1175.0 1178.0 1180.0 1190.0 1199.0 1202.0 1202.0 1205.0 1206.0 1198.0 1199.0 1203.0 1201.0 1205.0 1209.0 1212.0 1210.0 1217.0 1220.0 1216.0 1214.0 1210.0 1204.0 1195.0
810.0 818.0 818.0 831.0 822.0 829.0 832.0 837.0 867.0 875.0 883.0 889.0 908.0 906.0 905.0 924.0 928.0 929.0 928.0 946.0 946.0 944.0 960.0 966.0 980.0 980.0 999.0 1010.0 1023.0 1023.0 1032.0 1042.0 1049.0 1054.0 1062.0 1072.0 1078.0 1089.0 1098.0 1109.0 1121.0 1131.0 1140.0 1149.0 1151.0 1157.0 1163.0 1159.0 1159.0 1162.0 1166.0 1168.0 1178.0 1188.0 1192.0 1196.0 1198.0 1198.0 1192.0 1194.0 1197.0 1195.0 1199.0 1203.0 1206.0 1205.0 1211.0 1215.0 1216.0 1213.0 1210.0 1203.0 1202.0
795.0 800.0 810.0 816.0 822.0 837.0 849.0 859.0 890.0 899.0 906.0 908.0 926.0 922.0 919.0 940.0 946.0 949.0 949.0 965.0 964.0 964.0 980.0 978.0 979.0 986.0 1006.0 1014.0 1021.0 1035.0 1040.0 1045.0 1049.0 1068.0 1069.0 1072.0 1078.0 1087.0 1098.0 1109.0 1120.0 1131.0 1131.0 1139.0 1142.0 1147.0 1152.0 1150.0 1152.0 1156.0 1160.0 1167.0 1177.0 1185.0 1187.0 1190.0 1192.0 1192.0 1188.0 1190.0 1192.0 1195.0 1194.0 1196.0 1200.0 1194.0 1201.0 1208.0 1212.0 1212.0 1212.0 1210.0 1203.0
792.0 798.0 808.0 817.0 827.0 855.0 870.0 880.0 911.0 920.0 926.0 926.0 941.0 944.0 943.0 956.0 957.0 962.0 964.0 983.0 983.0 982.0 1003.0 1002.0 1002.0 1000.0 1028.0 1030.0 1032.0 1035.0 1059.0 1064.0 1067.0 1086.0 1085.0 1085.0 1085.0 1090.0 1090.0 1099.0 1105.0 1117.0 1129.0 1137.0 1140.0 1144.0 1147.0 1145.0 1147.0 1151.0 1158.0 1165.0 1175.0 1181.0 1187.0 1185.0 1187.0 1187.0 1182.0 1184.0 1186.0 1189.0 1186.0 1188.0 1191.0 1192.0 1200.0 1207.0 1210.0 1210.0 1210.0 1208.0 1201.0
793.0 800.0 812.0 827.0 841.0 851.0 870.0 886.0 908.0 922.0 931.0 937.0 950.0 956.0 958.0 956.0 974.0 978.0 981.0 1005.0 1006.0 1006.0 1003.0 1027.0 1029.0 1030.0 1050.0 1050.0 1049.0 1049.0 1076.0 1082.0 1085.0 1105.0 1105.0 1101.0 1096.0 1098.0 1094.0 1098.0 1107.0 1119.0 1128.0 1135.0 1138.0 1140.0 1143.0 1145.0 1144.0 1148.0 1157.0 1164.0 1164.0 1172.0 1178.0 1177.0 1179.0 1181.0 1177.0 1179.0 1182.0 1185.0 1181.0 1183.0 1187.0 1191.0 1198.0 1204.0 1208.0 1207.0 1207.0 1205.0 1198.0
810.0 809.0 803.0 811.0 831.0 855.0 875.0 894.0 908.0 920.0 932.0 942.0 954.0 962.0 968.0 971.0 993.0 999.0 1003.0 1025.0 1027.0 1029.0 1029.0 1048.0 1051.0 1051.0 1076.0 1073.0 1072.0 1072.0 1096.0 1101.0 1102.0 1115.0 1114.0 1113.0 1109.0 1104.0 1096.0 1098.0 1107.0 1122.0 1128.0 1134.0 1135.0 1135.0 1137.0 1139.0 1137.0 1141.0 1147.0 1153.0 1160.0 1168.0 1174.0 1172.0 1174.0 1176.0 1171.0 1173.0 1177.0 1180.0 1177.0 1180.0 1185.0 1191.0 1196.0 1201.0 1204.0 1199.0 1199.0 1199.0 1198.0
821.0 809.0 811.0 809.0 829.0 849.0 871.0 891.0 904.0 913.0 929.0 942.0 954.0 965.0 975.0 975.0 998.0 1011.0 1021.0 1039.0 1043.0 1046.0 1047.0 1072.0 1074.0 1076.0 1095.0 1094.0 1094.0 1094.0 1110.0 1114.0 1116.0 1115.0 1117.0 1116.0 1114.0 1106.0 1098.0 1098.0 1101.0 1115.0 1124.0 1128.0 1129.0 1132.0 1134.0 1135.0 1134.0 1139.0 1145.0 1150.0 1156.0 1162.0 1168.0 1166.0 1168.0 1170.0 1171.0 1169.0 1173.0 1175.0 1171.0 1173.0 1178.0 1183.0 1189.0 1194.0 1198.0 1192.0 1190.0 1190.0 1191.0
835.0 821.0 825.0 814.0 822.0 837.0 861.0 880.0 896.0 884.0 903.0 922.0 931.0 950.0 965.0 981.0 1005.0 1024.0 1034.0 1050.0 1060.0 1067.0 1073.0 1090.0 1092.0 1094.0 1095.0 1108.0 1107.0 1108.0 1115.0 1116.0 1116.0 1117.0 1116.0 1116.0 1116.0 1114.0 1107.0 1101.0 1103.0 1116.0 1123.0 1127.0 1126.0 1129.0 1130.0 1132.0 1132.0 1137.0 1144.0 1150.0 1152.0 1157.0 1161.0 1156.0 1159.0 1161.0 1163.0 1161.0 1164.0 1168.0 1167.0 1170.0 1176.0 1183.0 1187.0 1191.0 1192.0 1183.0 1182.0 1183.0 1185.0
850.0 837.0 855.0 842.0 827.0 835.0 841.5 848.0 868.0 872.0 891.0 912.0 921.0 945.0 963.0 983.0 1006.0 1029.0 1042.0 1050.0 1071.0 1081.0 1087.0 1098.0 1102.0 1105.0 1105.0 1112.0 1113.0 1114.0 1113.0 1114.0 1115.0 1116.0 1115.0 1115.0 1115.0 1112.0 1108.0 1105.0 1108.0 1114.0 1120.0 1124.0 1126.0 1124.0 1126.0 1128.0 1130.0 1130.0 1136.0 1141.0 1144.0 1149.0 1152.0 1151.0 1153.0 1155.0 1158.0 1156.0 1160.0 1164.0 1165.0 1169.0 1175.0 1182.0 1184.0 1186.0 1185.0 1178.0 1177.0 1178.0 1178.0
876.0 866.0 874.0 864.0 851.0 854.0 841.0 844.5 854.0 859.0 879.0 901.0 921.0 937.0 960.0 981.0 1003.0 1027.0 1043.0 1043.0 1058.0 1073.0 1085.0 1093.0 1100.0 1105.0 1110.0 1111.0 1112.0 1113.0 1112.0 1112.0 1113.0 1114.0 1114.0 1114.0 1114.0 1112.0 1109.0 1108.0 1109.0 1111.0 1111.0 1116.0 1121.0 1120.0 1122.0 1122.5 1123.0 1128.0 1133.0 1138.0 1139.0 1145.0 1148.0 1146.0 1148.0 1150.0 1152.0 1153.0 1158.0 1161.0 1166.0 1169.0 1174.0 1180.0 1177.0 1180.0 1181.0 1180.0 1173.0 1171.0 1173.0
895.0 883.0 890.0 878.0 867.0 854.0 856.0 848.5 851.25 858.625 866.0 890.0 890.0 902.0 929.0 954.0 971.0 998.0 1020.0 1041.0 1053.0 1069.0 1083.0 1089.0 1098.0 1104.0 1108.0 1108.0 1110.0 1111.0 1112.0 1109.0 1110.0 1112.0 1111.0 1112.0 1112.0 1113.0 1109.0 1108.0 1108.3333333333333 1108.6666666666667 1109.0 1112.0 1115.0 1121.0 1122.0 1124.0 1126.0 1128.0 1132.0 1135.0 1136.0 1140.0 1144.0 1143.0 1145.0 1146.0 1147.0 1149.0 1154.0 1159.0 1162.0 1166.0 1169.0 1173.0 1175.0 1176.0 1177.0 1176.0 1169.0 1166.0 1166.0
918.0 903.0 907.0 895.0 883.0 871.0 885.0 872.0 856.0 858.0 862.75 867.5 879.0 892.0 921.0 949.0 965.0 991.0 1013.0 1035.0 1047.0 1062.0 1076.0 1089.0 1092.0 1099.0 1104.0 1102.0 1105.0 1105.0 1106.0 1103.0 1104.0 1107.0 1103.0 1106.0 1108.0 1109.0 1107.0 1108.0 1108.3333333333335 1110.0 1112.0 1113.0 1116.0 1126.0 1127.0 1126.0 1132.0 1132.0 1133.0 1134.0 1135.0 1136.3333333333333 1137.6666666666667 1139.0 1142.0 1145.0 1147.0 1153.0 1158.0 1161.0 1164.0 1167.0 1169.0 1172.0 1172.0 1173.0 1174.0 1172.0 1165.0 1161.0 1159.0
941.0 932.0 935.0 923.0 911.0 898.0 902.0 886.0 870.0 873.0 860.0 862.5 865.0 882.0 915.0 942.0 965.0 984.0 1006.0 1029.0 1040.0 1056.0 1070.0 1070.0 1075.0 1085.0 1092.0 1091.0 1096.0 1099.0 1101.0 1098.0 1100.0 1101.0 1098.0 1100.0 1102.0 1105.0 1107.0 1108.0 1109.0 1116.0 1119.0 1122.0 1123.0 1132.0 1132.0 1135.0 1135.0 1136.0 1135.0 1135.0 1137.0 1136.0 1137.0 1138.0 1144.0 1146.0 1150.0 1158.0 1161.0 1163.0 1165.0 1166.0 1167.0 1170.0 1169.0 1170.0 1170.0 1170.0 1166.0 1163.0 1159.0
956.0 946.0 948.0 941.0 930.0 917.0 926.0 910.0 892.0 873.0 875.0 862.0 868.5 875.0 905.0 935.0 935.0 956.0 976.0 999.0 1014.0 1033.0 1047.0 1062.0 1068.0 1078.0 1085.0 1085.0 1089.0 1092.0 1095.0 1092.0 1095.0 1097.0 1098.0 1099.0 1101.0 1105.0 1108.0 1108.0 1109.0 1112.0 1123.0 1125.0 1126.0 1131.0 1135.0 1136.0 1137.0 1138.0 1139.0 1138.0 1141.0 1140.0 1139.0 1141.0 1144.0 1148.0 1153.0 1161.0 1164.0 1165.0 1165.0 1165.0 1165.0 1165.0 1167.0 1165.0 1167.0 1167.0 1164.0 1161.0 1156.0
