_readme/moea-velma-presentation_2018Feb_tutorial15_hydrology_part1/moeaPortion/5_working_example/BlueRiver_WS10_MOEA/HJA 64k Basin_Spatial_SurfaceElevation_1_1969_1.asc
ncols 425
nrows 308
xllcorner 5940.0
yllcorner 240.0
cellsize 30.0
nodata_value -9999.0
[rows 128 to 159 of 308, columns 144 to 215 of 425]
852.0 837.0 832.0 827.0 821.0 816.0 812.0 807.0 802.0 798.0 793.0 784.0 787.0 788.0 787.0 779.0 778.0 775.0 767.0 764.0 762.0 760.0 749.0 743.0 733.0 713.0 711.0 706.0 701.0 686.0 686.0 680.0 673.0 671.0 669.0 668.0 655.0 650.0 645.0 644.0 644.0 652.0 661.0 667.0 673.0 678.0 681.0 672.0 673.0 674.0 662.0 663.0 664.0 670.5 677.0 681.0 684.0 698.0 704.0 710.0 718.0 736.0 745.0 751.0 763.0 762.0 761.0 759.0 769.0 769.0 771.0 775.0
846.0 846.0 834.0 829.0 821.0 818.0 812.0 807.0 796.0 791.0 786.0 778.0 778.0 778.0 779.0 772.0 772.0 770.0 758.0 757.0 756.0 753.0 743.0 737.0 737.0 716.0 704.0 701.0 697.0 682.0 677.0 673.0 673.0 663.0 661.0 658.0 648.0 643.0 641.0 640.0 644.0 653.0 661.0 663.0 667.0 670.0 673.0 660.0 659.0 659.0 658.6667 659.0 665.0 670.0 685.0 689.0 694.0 707.0 713.0 721.0 728.0 750.0 760.0 764.0 763.0 772.0 771.0 769.0 781.0 781.0 781.0 782.0
866.0 838.0 831.0 826.0 819.0 814.0 809.0 802.0 789.0 782.0 779.0 773.0 771.0 772.0 773.0 765.0 764.0 764.0 747.0 747.0 748.0 747.0 739.0 737.0 732.0 716.0 698.0 693.0 688.0 674.0 670.0 667.0 665.0 656.0 654.0 652.0 641.0 638.0 636.0 636.0 637.0 644.0 651.0 651.0 654.0 657.0 659.0 650.0 650.0 653.5 657.0 666.0 674.0 680.0 692.0 696.0 701.0 707.0 719.0 729.0 740.0 761.0 773.0 775.0 775.0 782.0 781.0 782.0 797.0 794.0 792.0 794.0
862.0 837.0 830.0 824.0 817.0 812.0 806.0 797.0 784.0 777.0 775.0 772.0 769.0 766.0 764.0 751.0 751.0 749.0 747.0 735.0 738.0 739.0 731.0 729.0 721.0 707.0 692.0 685.0 679.0 668.0 665.0 662.0 659.0 650.0 650.0 648.0 640.0 636.0 635.0 634.0 636.0 641.0 646.0 642.0 646.0 649.0 651.0 649.0 650.0 653.0 657.0 674.0 681.0 687.0 696.0 700.0 706.0 706.0 715.0 724.0 737.0 755.0 771.0 783.0 785.0 796.0 796.0 797.0 809.0 806.0 804.0 805.0
858.0 836.0 828.0 823.0 821.0 816.0 809.0 802.0 790.0 781.0 775.0 772.0 764.0 759.0 753.0 739.0 732.0 730.0 732.0 723.0 728.0 730.0 718.0 715.0 708.0 699.0 686.0 686.0 677.0 665.0 662.0 660.0 657.0 647.0 645.0 642.0 640.0 633.0 633.0 634.0 635.0 638.0 640.0 642.0 642.0 646.0 647.0 653.0 658.0 661.0 661.0 676.0 681.0 687.0 696.0 700.0 704.0 709.0 719.0 730.0 742.0 759.0 775.0 790.0 794.0 804.0 808.0 810.0 809.0 820.0 816.0 815.0
865.0 843.0 832.0 826.0 821.0 813.0 807.0 799.0 785.0 778.0 773.0 769.0 757.0 753.0 746.0 731.0 719.0 716.0 719.0 711.0 714.0 714.0 703.0 704.0 702.0 698.0 684.0 678.0 670.0 665.0 654.0 652.0 650.0 641.0 640.0 637.0 635.0 630.0 632.0 634.0 636.0 637.0 639.0 641.0 643.0 645.0 648.0 656.0 659.0 665.0 671.0 684.0 687.0 692.0 699.0 703.0 707.0 712.0 723.0 734.0 746.0 759.0 773.0 787.0 796.0 805.0 815.0 815.0 821.0 836.0 837.0 834.0
858.0 836.0 829.0 823.0 818.0 809.0 804.0 794.0 778.0 773.0 768.0 762.0 750.0 747.0 747.0 736.0 727.0 714.0 706.0 695.0 699.0 701.0 703.0 692.0 691.0 689.0 675.0 670.0 664.0 658.0 646.0 643.0 642.0 635.0 634.0 631.0 630.0 626.0 628.0 632.0 638.0 640.0 641.0 642.0 651.0 651.0 652.0 662.0 666.0 672.0 679.0 689.0 692.0 696.0 699.0 706.0 710.0 715.0 724.0 737.0 750.0 750.0 759.0 769.0 780.0 783.0 798.0 814.0 827.0 843.0 849.0 854.0
848.0 828.0 823.0 819.0 815.0 803.0 796.0 786.0 779.0 773.0 767.0 762.0 747.0 744.0 741.0 736.0 721.0 710.0 699.0 684.0 687.0 689.0 691.0 682.0 682.0 678.0 666.0 661.0 656.0 651.0 639.0 639.0 637.0 627.0 628.0 627.0 625.0 627.0 630.0 635.0 643.0 645.0 648.0 650.0 657.0 658.0 659.0 662.0 674.0 680.0 685.0 694.0 696.0 698.0 698.0 707.0 708.0 712.0 719.0 723.0 737.0 749.0 754.0 765.0 773.0 778.0 791.0 809.0 827.0 844.0 856.0 868.0
836.0 821.0 815.0 814.0 812.0 800.0 794.0 788.0 779.0 768.0 762.0 754.0 740.0 736.0 734.0 730.0 713.0 704.0 693.0 675.0 675.0 677.0 679.0 670.0 670.0 670.0 659.0 656.0 653.0 648.0 636.0 632.0 629.0 622.0 622.5 623.0 624.0 633.0 637.0 640.0 643.0 651.0 654.0 657.0 666.0 667.0 668.0 668.0 679.0 682.0 687.0 696.0 700.0 702.0 704.0 713.0 714.0 717.0 724.0 727.0 735.0 746.0 752.0 763.0 771.0 778.0 789.0 808.0 826.0 843.0 859.0 859.0
831.0 821.0 796.0 800.0 802.0 788.0 783.0 779.0 772.0 762.0 756.0 748.0 735.0 728.0 724.0 721.0 704.0 698.0 698.0 682.0 669.0 666.0 667.0 659.0 661.0 660.0 651.0 647.0 644.0 640.0 629.0 625.0 621.0 622.0 622.0 625.0 629.0 638.0 642.0 645.0 648.0 654.0 658.0 662.0 673.0 675.0 676.0 677.0 687.0 690.0 693.0 703.0 706.0 709.0 711.0 723.0 724.0 723.0 724.0 737.0 736.0 742.0 753.0 764.0 764.0 772.0 778.0 790.0 807.0 819.0 837.0 856.0
806.0 800.0 779.0 784.0 788.0 776.0 774.0 772.0 767.0 759.0 752.0 752.0 737.0 729.0 718.0 714.0 700.0 697.0 691.0 673.0 662.0 657.0 658.0 653.0 653.0 653.0 651.0 639.0 637.0 632.0 622.0 619.0 616.0 618.0 618.0 624.0 629.0 638.0 642.0 646.0 650.0 661.0 665.0 670.0 681.0 683.0 685.0 686.0 696.0 697.0 699.0 703.0 713.0 717.0 720.0 732.0 733.0 733.0 733.0 744.0 747.0 747.0 758.0 758.0 766.0 772.0 777.0 788.0 803.0 814.0 832.0 851.0
785.0 779.0 765.0 771.0 775.0 766.0 768.0 767.0 765.0 755.0 752.0 744.0 737.0 721.0 712.0 705.0 692.0 689.0 684.0 673.0 656.0 653.0 652.0 648.0 648.0 646.0 643.0 633.0 633.0 629.0 619.0 615.0 614.0 615.0 622.0 627.0 632.0 642.0 646.0 651.0 656.0 667.0 673.0 678.0 681.0 689.0 692.0 695.0 704.0 707.0 709.0 709.0 718.0 720.0 723.0 736.0 739.0 741.0 741.0 752.0 755.0 757.0 767.0 766.0 767.0 770.0 780.0 787.0 798.0 813.0 828.0 845.0
777.0 771.0 756.0 759.0 763.0 766.0 760.0 760.0 759.0 739.0 735.0 733.0 729.0 711.0 705.0 698.0 684.0 680.0 673.0 664.0 652.0 652.0 648.0 641.0 641.0 641.0 640.0 632.0 628.0 624.0 613.0 613.0 612.0 617.0 626.0 630.0 636.0 642.0 650.0 655.0 661.0 672.0 679.0 684.0 684.0 692.0 694.0 699.0 708.0 711.0 714.0 716.0 726.0 728.0 732.0 742.0 746.0 748.0 749.0 759.0 762.0 765.0 774.0 775.0 774.0 774.0 790.0 795.0 795.0 801.0 823.0 831.0
766.0 762.0 741.0 743.0 752.0 757.0 741.0 740.0 741.0 718.0 717.0 719.0 716.0 700.0 696.0 696.0 681.0 675.0 671.0 666.0 654.0 648.0 643.0 635.0 634.0 635.0 634.0 626.0 624.0 619.0 613.0 611.0 618.0 623.0 631.0 635.0 640.0 646.0 650.0 654.0 658.0 670.0 677.0 683.0 688.0 696.0 700.0 704.0 714.0 717.0 719.0 722.0 734.0 737.0 739.0 749.0 753.0 755.0 757.0 767.0 769.0 769.0 772.0 781.0 783.0 783.0 803.0 806.0 810.0 815.0 837.0 842.0
758.0 753.0 729.0 728.0 738.0 742.0 721.0 718.0 718.0 699.0 700.0 700.0 703.0 689.0 689.0 686.0 670.0 667.0 664.0 660.0 651.0 645.0 639.0 635.0 629.0 628.0 628.0 620.0 617.0 613.0 610.0 613.5 616.0 623.0 630.0 635.0 640.0 646.0 653.0 657.0 663.0 675.0 683.0 689.0 694.0 703.0 706.0 709.0 714.0 727.0 729.0 731.0 742.0 745.0 747.0 747.0 756.0 760.0 763.0 775.0 776.0 777.0 779.0 794.0 796.0 799.0 817.0 820.0 824.0 831.0 853.0 859.0
747.0 742.0 733.0 722.0 718.0 723.0 706.0 703.0 700.0 684.0 686.0 686.0 687.0 674.0 676.0 675.0 670.0 660.0 659.0 656.0 648.0 642.0 635.0 631.0 623.0 623.0 621.0 615.0 614.0 611.0 609.0 614.0 620.0 626.0 633.0 637.0 643.0 649.0 656.0 661.0 668.0 675.0 692.0 698.0 701.0 713.0 716.0 719.0 719.0 737.0 740.0 741.0 749.0 750.0 753.0 754.0 765.0 769.0 773.0 786.0 787.0 788.0 790.0 809.0 812.0 816.0 829.0 832.0 837.0 846.0 872.0 872.0
737.0 734.0 724.0 716.0 707.0 709.0 694.0 689.0 685.0 684.0 670.0 671.0 671.0 662.0 665.0 665.0 663.0 656.0 656.0 654.0 648.0 644.0 638.0 631.0 621.0 617.0 615.0 609.0 607.0 607.0 608.0 622.0 626.0 629.0 633.0 641.0 646.0 651.0 659.0 666.0 675.0 675.0 693.0 702.0 707.0 722.0 726.0 732.0 734.0 750.0 751.0 750.0 758.0 759.0 761.0 762.0 776.0 780.0 783.0 800.0 800.0 801.0 805.0 824.0 826.0 826.0 829.0 843.0 846.0 853.0 879.0 890.0
727.0 722.0 724.0 707.0 696.0 695.0 681.0 677.0 674.0 670.0 660.0 660.0 660.0 652.0 654.0 656.0 658.0 652.0 651.0 650.0 642.0 638.0 633.0 627.0 613.0 609.0 608.0 609.0 600.0 604.0 612.0 625.0 630.0 634.0 637.0 643.0 646.0 650.0 659.0 665.0 673.0 683.0 701.0 710.0 716.0 733.0 737.0 742.0 746.0 757.0 759.0 758.0 764.0 767.0 770.0 772.0 789.0 792.0 792.0 795.0 814.0 816.0 816.0 836.0 840.0 841.0 843.0 862.0 864.0 869.0 896.0 909.0
717.0 711.0 715.0 697.0 686.0 686.0 671.0 670.0 668.0 665.0 654.0 652.0 652.0 645.0 647.0 650.0 652.0 647.0 646.0 645.0 642.0 631.0 626.0 619.0 600.0 601.0 603.0 603.0 599.0 605.0 605.0 618.0 627.0 633.0 638.0 648.0 652.0 655.0 667.0 676.0 684.0 691.0 710.0 719.0 727.0 737.0 740.0 745.0 750.0 754.0 760.0 761.0 761.0 766.0 771.0 776.0 798.0 804.0 808.0 811.0 828.0 830.0 833.0 853.0 857.0 861.0 863.0 878.0 882.0 887.0 911.0 926.0
722.0 706.0 700.0 688.0 686.0 678.0 665.0 661.0 659.0 657.0 647.0 646.0 645.0 645.0 640.0 643.0 645.0 638.0 640.0 638.0 635.0 621.0 621.0 611.0 597.0 595.0 598.0 599.0 598.0 601.0 608.0 620.0 628.0 634.0 642.0 652.0 657.0 662.0 676.0 685.0 692.0 700.0 715.0 724.0 732.0 732.0 731.0 737.0 740.0 732.0 744.0 754.0 761.0 765.0 773.0 783.0 808.0 814.0 818.0 823.0 840.0 845.0 849.0 867.0 871.0 875.0 877.0 887.0 887.0 892.0 900.0 923.0
714.0 699.0 688.0 674.0 676.0 672.0 665.0 653.0 651.0 650.0 641.0 641.0 640.0 640.0 633.0 633.0 635.0 629.0 632.0 634.0 632.0 619.0 607.0 597.0 594.0 595.0 596.0 597.0 600.0 604.0 611.0 623.0 629.0 636.0 645.0 655.0 661.0 668.0 668.0 683.0 690.0 697.0 707.0 714.0 720.0 725.0 718.0 726.0 727.0 722.0 732.0 741.0 755.0 763.0 774.0 791.0 812.0 819.0 827.0 834.0 850.0 857.0 857.0 864.0 873.0 877.0 881.0 887.0 892.0 899.0 909.0 929.0
711.0 695.0 681.0 669.0 665.0 663.0 658.0 647.0 644.0 644.0 636.0 635.0 636.0 636.0 627.0 627.0 628.0 622.0 626.0 628.0 625.0 607.0 596.0 593.5 594.0 595.0 596.0 597.0 602.0 607.0 614.0 623.0 625.0 630.0 638.0 650.0 657.0 665.0 673.0 686.0 692.0 699.0 702.0 708.0 712.0 713.0 703.0 706.0 711.0 713.0 719.0 730.0 749.0 762.0 776.0 776.0 795.0 812.0 824.0 834.0 845.0 854.0 863.0 870.0 873.0 879.0 883.0 887.0 894.0 904.0 914.0 930.0
709.0 694.0 694.0 677.0 665.0 657.0 654.0 644.0 641.0 638.0 632.0 630.0 629.0 629.0 620.0 619.0 621.0 622.0 619.0 620.0 617.0 597.0 593.0 593.0 593.0 594.0 595.0 596.0 600.0 604.0 609.0 616.0 624.0 630.0 639.0 650.0 658.0 666.0 676.0 684.0 690.0 697.0 694.0 698.0 699.0 700.0 688.0 692.0 692.0 701.0 704.0 715.0 731.0 749.0 762.0 777.0 794.0 810.0 824.0 835.0 842.0 851.0 862.0 869.0 870.0 878.0 883.0 886.0 893.0 903.0 914.0 929.0
731.0 709.0 692.0 672.0 661.0 650.0 645.0 637.0 636.0 634.0 632.0 625.0 623.0 622.0 610.0 612.0 613.0 615.0 609.0 609.0 609.0 596.0 593.0 592.0 592.0 594.0 596.0 597.0 602.0 605.0 609.0 615.0 618.0 626.0 638.0 645.0 654.0 662.0 673.0 675.0 685.0 690.0 690.0 681.0 684.0 685.0 674.0 676.0 683.0 694.0 704.0 718.0 735.0 746.0 758.0 773.0 792.0 808.0 820.0 831.0 835.0 842.0 854.0 863.0 864.0 864.0 873.0 874.0 881.0 890.0 899.0 908.0
732.0 707.0 688.0 672.0 660.0 646.0 637.0 630.0 630.0 629.0 627.0 620.0 620.0 617.0 610.0 607.0 607.0 606.0 598.0 600.0 599.0 593.0 591.0 591.0 593.0 595.0 597.0 599.0 606.0 607.0 608.0 612.0 618.5 620.0 630.0 630.0 630.0 641.0 653.0 651.0 660.0 670.0 678.0 666.0 668.0 671.0 668.0 673.0 681.0 690.0 703.0 716.0 731.0 744.0 756.0 773.0 792.0 800.0 813.0 813.0 826.0 825.0 830.0 842.0 847.0 857.0 867.0 874.0 874.0 885.0 894.0 907.0
730.0 706.0 688.0 673.0 660.0 641.0 641.0 623.0 624.0 625.0 625.0 618.0 616.0 613.0 606.0 603.0 603.0 600.0 595.0 594.0 594.0 590.0 589.0 590.0 592.0 597.0 601.0 604.0 606.0 610.0 610.0 611.0 621.0 621.0 624.0 625.0 632.0 635.0 642.0 641.0 646.0 654.0 661.0 656.0 658.0 663.0 674.0 684.0 692.0 697.0 717.0 722.0 722.0 731.0 748.0 759.0 772.0 779.0 790.0 807.0 820.0 814.0 818.0 830.0 833.0 847.0 857.0 866.0 870.0 882.0 893.0 908.0
727.0 720.0 704.0 689.0 673.0 657.0 637.0 618.0 615.0 618.0 619.0 612.0 610.0 608.0 602.0 601.0 599.0 597.0 593.0 591.0 590.0 590.0 588.0 589.5 593.0 598.0 603.0 607.0 610.0 620.0 620.0 620.0 632.0 632.0 633.0 632.0 645.0 642.0 639.0 650.0 650.0 650.0 652.0 655.0 657.0 661.0 665.0 679.0 691.0 703.0 719.0 729.0 733.0 738.0 748.0 757.0 767.0 776.0 790.0 804.0 811.0 794.0 799.0 815.0 822.0 832.0 846.0 858.0 872.0 872.0 884.0 896.0
712.0 711.0 700.0 687.0 668.0 650.0 633.0 614.0 607.0 610.0 612.0 602.0 603.0 603.0 602.0 597.0 597.0 596.0 591.0 590.0 588.0 587.0 588.0 589.0 592.0 605.0 611.0 616.0 619.0 629.0 629.0 631.0 641.0 642.0 643.0 645.0 657.0 655.0 651.0 651.0 663.0 663.0 660.0 668.0 664.0 661.0 668.0 678.0 691.0 704.0 717.0 729.0 734.0 740.0 738.0 747.0 762.0 780.0 788.0 792.0 794.0 776.0 776.0 787.0 808.0 822.0 834.0 846.0 862.0 875.0 886.0 896.0
712.0 700.0 693.0 683.0 656.0 641.0 629.0 614.0 598.0 598.0 600.0 593.0 595.0 596.0 597.0 593.0 593.0 592.0 588.0 587.0 586.75 589.875 593.0 596.0 600.0 615.0 621.0 625.0 628.0 636.0 637.0 639.0 639.0 648.0 650.0 651.0 661.0 665.0 665.0 662.0 673.0 675.0 674.0 683.0 677.0 672.0 671.0 680.0 687.0 701.0 709.0 718.0 724.0 731.0 736.0 750.0 750.0 771.0 777.0 778.0 777.0 763.0 770.0 788.0 808.0 823.0 837.0 849.0 862.0 874.0 885.0 895.0
699.0 685.0 681.0 681.0 653.0 643.0 632.0 622.0 601.0 592.0 590.0 587.0 589.0 591.0 593.0 590.0 590.0 589.0 586.5 586.5 588.0 591.0 601.0 604.0 609.0 615.0 626.0 631.0 634.0 643.0 643.0 645.0 646.0 654.0 656.0 658.0 670.0 674.0 673.0 672.0 683.0 686.0 686.0 701.0 695.0 688.0 679.0 690.0 689.0 689.0 698.0 702.0 710.0 720.0 741.0 750.0 759.0 771.0 769.0 766.0 765.0 755.0 769.0 786.0 807.0 820.0 834.0 849.0 862.0 873.0 882.0 890.0
680.0 667.0 667.0 662.0 639.0 631.0 623.0 614.0 592.0 585.0 585.0 583.0 585.0 587.0 589.0 587.0 588.0 586.0 586.25 587.0 590.0 595.0 608.0 612.0 615.0 620.0 639.0 642.0 643.0 652.0 651.0 651.0 653.0 660.0 663.0 666.0 681.0 683.0 682.0 682.0 693.0 696.0 696.0 711.0 715.0 712.0 703.0 707.0 703.0 699.0 698.0 712.0 723.0 732.0 751.0 758.0 764.0 768.0 756.0 754.0 752.0 755.0 769.0 783.0 803.0 819.0 819.0 834.0 848.0 860.0 868.0 875.0
663.0 651.0 650.0 645.0 626.0 619.0 612.0 603.0 584.0 582.0 582.0 583.0 580.0 580.0 584.0 580.0 584.0 586.0 590.0 594.0 599.0 604.0 623.0 628.0 631.0 635.0 654.0 655.0 655.0 666.0 661.0 659.0 659.0 669.0 674.0 679.0 679.0 691.0 692.0 692.0 702.0 703.0 705.0 711.0 725.0 724.0 716.0 721.0 718.0 715.0 710.0 728.0 737.0 744.0 755.0 758.0 760.0 758.0 740.0 740.0 738.0 741.0 753.0 765.0 782.0 803.0 821.0 835.0 848.0 853.0 861.0 866.0
