_readme/moea-velma-presentation_2018Feb_tutorial15_hydrology_part1/moeaPortion/5_working_example/BlueRiver_WS10_MOEA/HJA 64k Basin_Spatial_SurfaceElevation_1_1969_1.asc
ncols 425
nrows 308
xllcorner 5940.0
yllcorner 240.0
cellsize 30.0
nodata_value -9999.0
[rows 128 to 159 of 308, columns 288 to 359 of 425]
1044.0 1046.0 1043.0 1044.0 1045.0 1046.0 1036.0 1034.0 1034.0 1032.0 1036.0 1041.0 1045.0 1044.0 1047.0 1048.0 1047.0 1039.0 1037.0 1037.0 1030.0 1031.0 1035.0 1041.0 1036.0 1036.0 1038.0 1037.0 1045.0 1060.0 1074.0 1075.0 1084.0 1091.0 1097.0 1111.0 1115.0 1116.0 1113.0 1117.0 1124.0 1130.0 1138.0 1148.0 1159.0 1175.0 1195.0 1213.0 1228.0 1234.0 1244.0 1253.0 1268.0 1276.0 1283.0 1295.0 1334.0 1346.0 1356.0 1380.0 1390.0 1397.0 1401.0 1418.0 1424.0 1429.0 1436.0 1442.0 1444.0 1447.0 -9999.0 -9999.0
1038.0 1040.0 1039.0 1040.0 1040.0 1038.0 1026.0 1026.0 1029.0 1032.0 1032.0 1036.0 1040.0 1039.0 1042.0 1044.0 1043.0 1032.0 1029.0 1029.0 1022.0 1024.0 1027.0 1031.0 1029.0 1030.0 1032.0 1033.0 1039.0 1051.0 1063.0 1064.0 1075.0 1084.0 1089.0 1100.0 1107.0 1111.0 1109.0 1116.0 1123.0 1130.0 1131.0 1141.0 1152.0 1170.0 1184.0 1204.0 1222.0 1241.0 1249.0 1259.0 1274.0 1284.0 1296.0 1316.0 1348.0 1360.0 1370.0 1394.0 1401.0 1406.0 1412.0 1423.0 1426.0 1426.0 1429.0 1436.0 1438.0 1441.0 -9999.0 -9999.0
1033.0 1036.0 1039.0 1034.0 1033.0 1030.0 1018.0 1020.0 1025.0 1029.0 1028.0 1031.0 1031.0 1031.0 1036.0 1039.0 1040.0 1030.0 1024.0 1022.0 1016.0 1019.0 1023.0 1027.0 1024.0 1026.0 1028.0 1033.0 1035.0 1043.0 1053.0 1059.0 1069.0 1078.0 1089.0 1081.0 1090.0 1098.0 1097.0 1105.0 1115.0 1123.0 1137.0 1148.0 1159.0 1182.0 1198.0 1217.0 1231.0 1248.0 1256.0 1265.0 1282.0 1297.0 1312.0 1333.0 1359.0 1371.0 1383.0 1383.0 1405.0 1411.0 1416.0 1423.0 1425.0 1428.0 1432.0 1438.0 1439.0 -9999.0 -9999.0 -9999.0
1025.0 1030.0 1034.0 1024.0 1023.0 1020.0 1014.0 1013.0 1016.0 1021.0 1021.0 1024.0 1027.0 1027.0 1031.0 1034.0 1035.0 1024.0 1019.0 1016.0 1016.0 1015.0 1019.0 1023.0 1021.0 1023.0 1025.0 1030.0 1032.0 1032.0 1040.0 1047.0 1057.0 1063.0 1071.0 1072.0 1080.0 1090.0 1097.0 1109.0 1119.0 1127.0 1143.0 1158.0 1170.0 1197.0 1214.0 1228.0 1238.0 1254.0 1263.0 1272.0 1272.0 1293.0 1311.0 1328.0 1356.0 1372.0 1388.0 1399.0 1415.0 1418.0 1421.0 1425.0 1428.0 1432.0 1436.0 1441.0 1440.0 -9999.0 -9999.0 -9999.0
1014.0 1017.0 1020.0 1015.0 1016.0 1016.0 1008.0 1008.0 1012.0 1017.0 1016.0 1019.0 1023.0 1027.0 1025.0 1028.0 1028.0 1019.0 1014.0 1012.0 1013.0 1013.0 1013.0 1017.0 1016.0 1018.0 1020.0 1023.0 1026.0 1031.0 1038.0 1043.0 1050.0 1056.0 1064.0 1070.0 1079.0 1088.0 1104.0 1116.0 1124.0 1133.0 1151.0 1166.0 1181.0 1197.0 1208.0 1223.0 1235.0 1250.0 1260.0 1270.0 1279.0 1306.0 1323.0 1341.0 1367.0 1388.0 1404.0 1411.0 1421.0 1422.0 1424.0 1428.0 1431.0 1436.0 1439.0 1444.0 1443.0 -9999.0 -9999.0 -9999.0
1007.0 1011.0 1013.0 1009.0 1009.0 1009.0 1008.0 1003.0 1008.0 1013.0 1011.0 1014.0 1017.0 1021.0 1019.0 1022.0 1022.0 1017.0 1014.0 1011.0 1010.0 1009.0 1011.0 1014.0 1012.0 1014.0 1018.0 1021.0 1025.0 1030.0 1036.0 1038.0 1047.0 1055.0 1062.0 1075.0 1083.0 1093.0 1104.0 1111.0 1120.0 1129.0 1147.0 1160.0 1174.0 1191.0 1216.0 1230.0 1240.0 1257.0 1267.0 1277.0 1288.0 1318.0 1334.0 1352.0 1379.0 1403.0 1415.0 1419.0 1426.0 1427.0 1427.0 1433.0 1433.0 1436.0 1439.0 1445.0 1447.0 -9999.0 -9999.0 -9999.0
1002.0 1006.0 1007.0 1004.0 1004.0 1003.0 1001.0 998.0 1004.0 1004.0 1002.0 1006.0 1009.0 1011.0 1010.0 1014.0 1017.0 1012.0 1010.0 1008.0 1007.0 1006.0 1008.0 1010.0 1008.0 1012.0 1016.0 1020.0 1023.0 1029.0 1034.0 1038.0 1039.0 1049.0 1059.0 1070.0 1079.0 1088.0 1098.0 1115.0 1124.0 1135.0 1157.0 1172.0 1185.0 1200.0 1225.0 1236.0 1246.0 1264.0 1274.0 1286.0 1303.0 1333.0 1346.0 1363.0 1363.0 1393.0 1410.0 1422.0 1433.0 1433.0 1433.0 1433.0 1440.0 1441.0 1443.0 1449.0 1449.0 -9999.0 -9999.0 -9999.0
998.0 1001.0 1002.0 998.0 998.0 999.0 997.0 988.0 993.0 998.0 997.0 1001.0 1004.0 1007.0 1007.0 1010.0 1012.0 1008.0 1006.0 1004.0 1004.0 1003.0 1005.0 1006.0 1008.0 1009.0 1009.0 1014.0 1016.0 1022.0 1028.0 1033.0 1045.0 1054.0 1063.0 1072.0 1080.0 1090.0 1102.0 1117.0 1129.0 1143.0 1170.0 1183.0 1198.0 1211.0 1232.0 1243.0 1253.0 1253.0 1272.0 1282.0 1301.0 1330.0 1345.0 1360.0 1374.0 1403.0 1419.0 1429.0 1439.0 1440.0 1441.0 1440.0 1447.0 1447.0 1448.0 1453.0 1451.0 -9999.0 -9999.0 -9999.0
992.0 995.0 997.0 993.0 992.0 991.0 987.0 981.0 984.0 991.0 997.0 995.0 999.0 1002.0 1003.0 1006.0 1007.0 1008.0 1002.0 1002.0 1000.0 1000.0 1001.0 1002.0 1003.0 1002.0 1006.0 1012.0 1015.0 1021.0 1027.0 1036.0 1049.0 1058.0 1065.0 1072.0 1080.0 1089.0 1103.0 1121.0 1140.0 1156.0 1170.0 1185.0 1197.0 1211.0 1232.0 1242.0 1252.0 1262.0 1281.0 1299.0 1316.0 1343.0 1357.0 1373.0 1387.0 1415.0 1427.0 1435.0 1447.0 1448.0 1448.0 1447.0 1454.0 1453.0 1453.0 1460.0 1458.0 -9999.0 -9999.0 -9999.0
988.0 991.0 993.0 993.0 985.0 982.0 979.0 970.0 975.0 986.0 991.0 990.0 995.0 995.0 995.0 998.0 1000.0 1002.0 998.0 998.0 998.0 1001.0 1000.0 999.0 1000.0 999.0 1003.0 1010.0 1016.0 1021.0 1028.0 1039.0 1052.0 1059.0 1065.0 1072.0 1074.0 1082.0 1091.0 1110.0 1130.0 1152.0 1171.0 1199.0 1212.0 1222.0 1243.0 1255.0 1263.0 1271.0 1298.0 1320.0 1332.0 1358.0 1372.0 1389.0 1402.0 1429.0 1437.0 1437.0 1453.0 1455.0 1456.0 1458.0 1465.0 1462.0 1461.0 1460.0 -9999.0 -9999.0 -9999.0 -9999.0
984.0 987.0 989.0 988.0 976.0 970.0 970.0 958.0 963.0 972.0 981.0 983.0 987.0 991.0 988.0 990.0 994.0 996.0 993.0 994.0 998.0 1001.0 1000.0 998.0 998.0 998.0 1003.0 1011.0 1016.0 1016.0 1021.0 1029.0 1044.0 1054.0 1059.0 1066.0 1077.0 1088.0 1098.0 1122.0 1141.0 1161.0 1181.0 1212.0 1223.0 1233.0 1257.0 1266.0 1273.0 1282.0 1326.0 1342.0 1349.0 1368.0 1380.0 1398.0 1409.0 1436.0 1445.0 1451.0 1453.0 1465.0 1466.0 1466.0 1471.0 1470.0 1468.0 1465.0 -9999.0 -9999.0 -9999.0 -9999.0
976.0 978.0 980.0 981.0 968.0 963.0 957.0 958.0 965.0 974.0 980.0 981.0 984.0 986.0 980.0 983.0 986.0 990.0 986.0 989.0 998.0 1001.0 999.0 999.0 995.0 993.0 997.0 1003.0 1011.0 1015.0 1021.0 1030.0 1045.0 1054.0 1061.0 1068.0 1087.0 1098.0 1110.0 1134.0 1151.0 1170.0 1193.0 1223.0 1234.0 1245.0 1257.0 1268.0 1277.0 1288.0 1334.0 1348.0 1358.0 1368.0 1405.0 1417.0 1427.0 1454.0 1461.0 1467.0 1465.0 1474.0 1472.0 1472.0 1478.0 1476.0 1474.0 -9999.0 -9999.0 -9999.0 -9999.0 -9999.0
965.0 967.0 969.0 971.0 955.0 952.0 952.0 961.0 969.0 976.0 979.0 979.0 979.0 979.0 980.0 975.0 975.0 978.0 971.0 976.0 980.0 992.0 994.0 994.0 992.0 992.0 997.0 1003.0 1010.0 1015.0 1021.0 1032.0 1046.0 1055.0 1065.0 1074.0 1098.0 1110.0 1121.0 1134.0 1149.0 1162.0 1182.0 1220.0 1233.0 1245.0 1257.0 1277.0 1294.0 1315.0 1354.0 1365.0 1375.0 1389.0 1422.0 1433.0 1443.0 1461.0 1468.0 1472.0 1472.0 1474.0 1476.0 1476.0 1483.0 1490.0 1488.0 -9999.0 -9999.0 -9999.0 -9999.0 -9999.0
954.0 954.0 953.0 955.0 947.0 949.0 954.0 961.0 968.0 974.0 974.0 974.0 974.0 973.0 971.0 964.0 966.0 968.0 964.0 966.0 972.0 984.0 986.0 988.0 987.0 992.0 997.0 1003.0 1009.0 1015.0 1023.0 1034.0 1046.0 1049.0 1060.0 1073.0 1099.0 1111.0 1123.0 1134.0 1161.0 1176.0 1197.0 1230.0 1243.0 1255.0 1267.0 1292.0 1315.0 1339.0 1369.0 1382.0 1394.0 1408.0 1432.0 1442.0 1442.0 1444.0 1452.0 1459.0 1467.0 1461.0 1468.0 1477.0 1483.0 1486.0 1488.0 -9999.0 -9999.0 -9999.0 -9999.0 -9999.0
954.0 947.0 946.0 946.0 941.0 944.0 950.0 955.0 960.0 965.0 971.0 967.0 967.0 965.0 963.0 958.0 960.0 961.0 959.0 962.0 968.0 978.0 980.0 982.0 987.0 992.0 992.0 998.0 1004.0 1009.0 1016.0 1026.0 1038.0 1055.0 1070.0 1085.0 1111.0 1123.0 1135.0 1149.0 1174.0 1189.0 1211.0 1239.0 1253.0 1265.0 1277.0 1309.0 1335.0 1355.0 1363.0 1376.0 1392.0 1406.0 1421.0 1430.0 1437.0 1444.0 1433.0 1443.0 1453.0 1449.0 1459.0 1469.0 1477.0 1472.0 1480.0 1484.0 1480.0 -9999.0 -9999.0 -9999.0
946.0 942.0 942.0 940.0 939.0 944.0 949.0 955.0 957.0 961.0 965.0 958.0 958.0 958.0 958.0 954.0 956.0 957.0 959.0 960.0 960.0 965.0 970.0 975.0 979.0 987.0 993.0 998.0 1004.0 1011.0 1020.0 1031.0 1043.0 1065.0 1081.0 1097.0 1118.0 1131.0 1147.0 1160.0 1184.0 1201.0 1221.0 1229.0 1244.0 1259.0 1274.0 1299.0 1326.0 1347.0 1363.0 1373.0 1390.0 1409.0 1411.0 1420.0 1423.0 1427.0 1418.0 1426.0 1436.0 1435.0 1448.0 1456.0 1463.0 1457.0 1457.0 1467.0 1462.0 1468.0 -9999.0 -9999.0
941.0 938.0 938.0 938.0 938.0 943.0 948.0 952.0 953.0 956.0 958.0 958.0 951.0 951.0 952.0 950.0 951.0 953.0 955.0 955.0 958.0 963.0 966.0 973.0 979.0 987.0 992.0 996.0 1003.0 1014.0 1024.0 1037.0 1051.0 1075.0 1091.0 1106.0 1114.0 1123.0 1137.0 1154.0 1176.0 1191.0 1209.0 1229.0 1248.0 1264.0 1281.0 1305.0 1328.0 1348.0 1362.0 1365.0 1379.0 1396.0 1393.0 1401.0 1404.0 1408.0 1399.0 1409.0 1409.0 1402.0 1421.0 1434.0 1441.0 1434.0 1444.0 1453.0 1462.0 1458.0 1467.0 1469.0
938.0 935.0 935.0 936.0 938.0 941.0 945.0 945.0 943.0 946.0 949.0 950.0 945.0 946.0 948.0 946.0 948.0 950.0 952.0 952.0 955.0 960.0 966.0 973.0 980.0 986.0 990.0 996.0 1005.0 1018.0 1018.0 1029.0 1044.0 1066.0 1082.0 1100.0 1114.0 1127.0 1142.0 1159.0 1178.0 1194.0 1214.0 1233.0 1248.0 1265.0 1286.0 1304.0 1322.0 1341.0 1355.0 1353.0 1364.0 1364.0 1360.0 1369.0 1377.0 1382.0 1366.0 1378.0 1389.0 1402.0 1402.0 1418.0 1426.0 1417.0 1426.0 1440.0 1449.0 1451.0 1460.0 1469.0
935.0 932.0 932.0 931.0 933.0 933.0 937.0 940.0 937.0 939.0 942.0 944.0 941.0 943.0 944.0 943.0 945.0 948.0 950.0 950.0 952.0 958.0 966.0 967.0 974.0 980.0 983.0 989.0 997.0 1008.0 1021.0 1035.0 1052.0 1070.0 1088.0 1104.0 1116.0 1129.0 1144.0 1160.0 1172.0 1193.0 1215.0 1233.0 1246.0 1264.0 1286.0 1283.0 1299.0 1311.0 1327.0 1325.0 1339.0 1349.0 1360.0 1349.0 1354.0 1358.0 1347.0 1358.0 1369.0 1382.0 1381.0 1396.0 1408.0 1394.0 1408.0 1428.0 1441.0 1442.0 1442.0 1451.0
932.0 929.0 929.0 928.0 929.0 929.0 931.0 934.0 932.0 935.0 937.0 939.0 937.0 939.0 941.0 943.0 942.0 942.0 945.0 946.0 949.0 953.0 960.0 966.0 973.0 979.0 983.0 990.0 999.0 1011.0 1024.0 1041.0 1056.0 1071.0 1090.0 1105.0 1117.0 1127.0 1140.0 1155.0 1147.0 1164.0 1187.0 1210.0 1222.0 1240.0 1259.0 1283.0 1291.0 1301.0 1313.0 1310.0 1322.0 1334.0 1344.0 1331.0 1335.0 1341.0 1333.0 1342.0 1353.0 1364.0 1361.0 1361.0 1374.0 1366.0 1378.0 1394.0 1416.0 1422.0 1433.0 1442.0
929.0 927.0 927.0 926.0 927.0 927.0 927.0 930.0 932.0 931.0 931.0 934.0 934.0 935.0 937.0 938.0 939.0 940.0 943.0 945.0 949.0 953.0 959.0 965.0 971.0 976.0 986.0 994.0 1003.0 1013.0 1027.0 1042.0 1055.0 1051.0 1067.0 1085.0 1102.0 1107.0 1120.0 1133.0 1147.0 1155.0 1178.0 1201.0 1210.0 1230.0 1251.0 1276.0 1280.0 1291.0 1301.0 1294.0 1304.0 1318.0 1327.0 1313.0 1318.0 1318.0 1307.0 1316.0 1327.0 1337.0 1333.0 1343.0 1355.0 1345.0 1359.0 1378.0 1401.0 1413.0 1424.0 1434.0
926.0 927.0 925.0 925.0 925.0 925.0 925.0 925.0 927.0 927.0 928.0 931.0 931.0 932.0 934.0 936.0 937.0 940.0 943.0 945.0 948.0 952.0 958.0 965.0 971.0 977.0 992.0 992.0 1000.0 1009.0 1019.0 1027.0 1039.0 1051.0 1058.0 1076.0 1092.0 1096.0 1112.0 1124.0 1136.0 1145.0 1166.0 1189.0 1196.0 1216.0 1232.0 1263.0 1265.0 1277.0 1277.0 1267.0 1276.0 1288.0 1301.0 1295.0 1299.0 1301.0 1286.0 1299.0 1312.0 1323.0 1320.0 1328.0 1335.0 1345.0 1347.0 1366.0 1388.0 1404.0 1416.0 1424.0
923.0 924.0 923.0 923.0 924.0 924.3333 924.6667 925.0 925.0 925.0 927.0 930.0 929.0 930.0 933.0 935.0 936.0 940.0 942.0 944.0 944.0 947.0 951.0 959.0 966.0 973.0 982.0 998.0 1007.0 1014.0 1019.0 1024.0 1032.0 1041.0 1047.0 1063.0 1079.0 1086.0 1104.0 1117.0 1130.0 1137.0 1153.0 1170.0 1159.0 1183.0 1203.0 1220.0 1234.0 1249.0 1259.0 1267.0 1261.0 1277.0 1289.0 1283.0 1285.0 1284.0 1286.0 1285.0 1297.0 1310.0 1302.0 1312.0 1319.0 1329.0 1343.0 1343.0 1360.0 1380.0 1397.0 1409.0
921.0 922.0 922.0 923.0 924.0 924.25 924.3334 924.3334 925.0 924.0 925.0 928.0 926.0 929.0 929.0 931.0 931.0 934.0 938.0 941.0 942.0 946.0 951.0 959.0 967.0 976.0 987.0 1002.0 1010.0 1015.0 1016.0 1018.0 1022.0 1033.0 1035.0 1048.0 1066.0 1060.0 1079.0 1097.0 1112.0 1121.0 1131.0 1143.0 1159.0 1180.0 1198.0 1216.0 1221.0 1232.0 1241.0 1250.0 1248.0 1263.0 1277.0 1263.0 1266.0 1265.0 1271.0 1271.0 1271.0 1284.0 1278.0 1284.0 1293.0 1307.0 1322.0 1340.0 1358.0 1375.0 1389.0 1402.0
919.0 921.0 922.0 923.0 924.0 925.0 924.6126 924.0 924.0 923.0 922.0 923.0 925.0 924.0 928.0 930.0 928.0 932.0 936.0 938.0 940.0 945.0 950.0 957.0 966.0 977.0 990.0 1003.0 1010.0 1014.0 1008.0 1007.0 1007.0 1014.0 1014.0 1025.0 1041.0 1060.0 1077.0 1094.0 1109.0 1117.0 1128.0 1139.0 1154.0 1179.0 1195.0 1210.0 1203.0 1211.0 1223.0 1235.0 1235.0 1246.0 1246.0 1238.0 1245.0 1247.0 1245.0 1237.0 1254.0 1269.0 1259.0 1265.0 1279.0 1302.0 1322.0 1339.0 1357.0 1375.0 1381.0 1394.0
918.0 918.0 920.0 923.0 925.0 925.0 926.0 925.0 923.0 921.0 919.0 919.0 921.0 920.0 924.0 926.0 924.0 928.0 931.0 935.0 939.0 944.0 950.0 956.0 956.0 966.0 979.0 995.0 1002.0 1006.0 1008.0 996.0 997.0 1005.0 1007.0 1020.0 1037.0 1057.0 1074.0 1090.0 1103.0 1112.0 1126.0 1138.0 1155.0 1177.0 1189.0 1189.0 1182.0 1185.0 1191.0 1207.0 1209.0 1219.0 1228.0 1221.0 1229.0 1233.0 1231.0 1221.0 1238.0 1251.0 1259.0 1253.0 1279.0 1301.0 1321.0 1338.0 1355.0 1371.0 1365.0 1373.0
916.0 918.0 923.0 928.0 927.0 927.0 928.0 927.0 923.0 919.0 917.0 916.0 917.0 915.0 918.0 921.0 919.0 919.0 923.0 927.0 930.0 937.0 943.0 949.0 957.0 968.0 983.0 993.0 998.0 999.0 998.0 986.0 986.0 996.0 1003.0 1018.0 1033.0 1054.0 1068.0 1084.0 1098.0 1093.0 1110.0 1126.0 1140.0 1156.0 1170.0 1178.0 1165.0 1166.0 1174.0 1191.0 1196.0 1205.0 1213.0 1221.0 1211.0 1214.0 1211.0 1207.0 1224.0 1233.0 1238.0 1254.0 1254.0 1281.0 1301.0 1321.0 1337.0 1353.0 1359.0 1366.0
914.0 917.0 923.0 928.0 928.0 928.0 928.0 927.0 923.0 918.0 916.0 916.0 914.0 910.0 911.0 913.0 916.0 914.0 917.0 922.0 928.0 935.0 941.0 947.0 957.0 971.0 984.0 986.0 989.0 989.0 987.0 972.0 974.0 987.0 985.0 1002.0 1015.0 1030.0 1044.0 1062.0 1077.0 1092.0 1110.0 1128.0 1141.0 1149.0 1158.0 1162.0 1165.0 1148.0 1163.0 1182.0 1186.0 1193.0 1200.0 1205.0 1188.0 1188.0 1187.0 1170.0 1192.0 1206.0 1213.0 1230.0 1258.0 1281.0 1302.0 1320.0 1337.0 1350.0 1355.0 1359.0
912.0 916.0 919.0 926.0 926.0 928.0 926.0 926.0 924.0 921.0 915.0 913.0 910.0 905.0 906.0 909.0 911.0 910.0 913.0 919.0 926.0 932.0 937.0 946.0 956.0 968.0 979.0 971.0 975.0 978.0 979.0 960.0 960.0 970.0 985.0 1001.0 1014.0 1027.0 1043.0 1060.0 1075.0 1092.0 1110.0 1126.0 1137.0 1139.0 1146.0 1148.0 1148.0 1139.0 1159.0 1159.0 1169.0 1176.0 1181.0 1185.0 1170.0 1168.0 1162.0 1160.0 1178.0 1191.0 1205.0 1236.0 1261.0 1281.0 1302.0 1319.0 1336.0 1348.0 1350.0 1351.0
905.0 909.0 913.0 913.0 918.0 923.0 919.0 920.0 920.0 917.0 910.0 908.0 905.0 899.0 901.0 905.0 907.0 907.0 912.0 918.0 923.0 923.0 927.0 934.0 944.0 954.0 963.0 971.0 965.0 966.0 964.0 950.0 957.0 969.0 985.0 1002.0 1014.0 1027.0 1043.0 1060.0 1074.0 1091.0 1108.0 1121.0 1121.0 1121.0 1127.0 1132.0 1132.0 1117.0 1135.0 1154.0 1158.0 1165.0 1169.0 1171.0 1153.0 1147.0 1144.0 1160.0 1169.0 1190.0 1213.0 1239.0 1262.0 1282.0 1303.0 1303.0 1318.0 1333.0 1337.0 1340.0
900.0 905.0 909.0 908.0 912.0 916.0 913.0 914.0 914.0 913.0 904.0 901.0 898.0 894.0 894.0 897.0 900.0 899.0 905.0 911.0 917.0 918.0 923.0 932.0 944.0 954.0 958.0 962.0 953.0 953.0 952.0 949.0 956.0 968.0 986.0 1002.0 1013.0 1027.0 1026.0 1045.0 1061.0 1075.0 1089.0 1104.0 1114.0 1110.0 1115.0 1117.0 1115.0 1110.0 1130.0 1147.0 1158.0 1148.0 1152.0 1154.0 1131.0 1123.0 1131.0 1151.0 1169.0 1169.0 1196.0 1223.0 1242.0 1265.0 1285.0 1302.0 1316.0 1329.0 1329.0 1328.0
896.0 899.0 904.0 903.0 907.0 910.0 907.0 908.0 908.0 908.0 901.0 899.0 894.0 891.0 890.0 893.0 896.0 895.0 902.0 909.0 914.0 913.0 918.0 932.0 941.0 949.0 952.0 953.0 945.0 944.0 945.0 941.0 947.0 956.0 968.0 982.0 1000.0 1012.0 1026.0 1045.0 1062.0 1075.0 1085.0 1098.0 1105.0 1110.0 1102.0 1103.0 1101.0 1106.0 1124.0 1135.0 1144.0 1128.0 1128.0 1129.0 1108.0 1104.0 1106.0 1129.0 1155.0 1175.0 1201.0 1224.0 1245.0 1269.0 1288.0 1300.0 1311.0 1323.0 1316.0 1313.0
