_readme/moea-velma-presentation_2018Feb_tutorial15_hydrology_part1/moeaPortion/5_working_example/BlueRiver_WS10_MOEA/InitialBiomass.asc
ncols 628
nrows 534
xllcorner 553072.11763088
yllcorner 4893995.080683
cellsize 30.0
nodata_value -9999.0
[rows 288 to 311 of 534, columns 324 to 377 of 628]
30286.111110 46605.555560 33683.333330 5726.388888 9369.444444 32829.166670 56152.777780 54970.833330 36972.222220 40758.333330 57351.388890 68997.222220 57005.555560 34688.888890 24947.222220 27469.444440 33987.500000 38229.166670 40845.833330 38495.833330 39459.722220 38336.111110 43561.111110 35169.444440 41809.722220 55531.944440 56359.722220 48645.833330 50693.055560 52623.611110 47458.333330 48830.555560 47318.055560 42798.611110 46675.000000 37948.611110 43877.777780 48806.944440 37506.944440 24337.500000 45305.555560 45919.444440 42194.444440 49473.611110 50387.500000 55654.166670 48647.222220 46523.611110 56020.833330 56605.555560 63120.833330 64400.000000 66397.222220 54591.666670
42975.000000 58369.444440 25487.500000 20572.222220 8251.388888 9190.277777 41073.611110 49015.277780 31068.055560 63050.000000 66218.055560 53684.722220 65054.166670 50450.000000 35741.666670 33945.833330 33300.000000 36383.333330 33638.888890 43968.055560 38812.500000 36997.222220 53990.277780 45609.722220 36455.555560 47669.444440 56544.444440 58963.888890 55397.222220 57569.444440 47619.444440 44490.277780 37176.388890 41783.333330 40891.666670 37329.166670 47034.722220 41947.222220 37641.666670 38030.555560 44500.000000 54379.166670 56240.277780 46597.222220 48598.611110 61733.333330 60081.944440 51493.055560 59765.277780 58398.611110 58734.722220 58612.500000 57976.388890 65111.111110
47752.777780 48390.277780 45408.333330 41533.333330 10831.944440 10588.888890 21579.166670 40065.277780 56515.277780 67427.777780 57973.611110 60973.611110 49997.222220 53902.777780 54533.333330 47380.555560 34801.388890 33930.555560 37230.555560 43661.111110 52133.333330 62481.944440 61380.555560 46352.777780 34416.666670 41929.166670 51079.166670 56309.722220 48358.333330 44041.666670 42455.555560 41105.555560 33038.888890 36090.277780 29177.777780 49898.611110 35738.888890 44005.555560 45056.944440 39408.333330 23422.222220 46998.611110 46061.111110 47748.611110 55061.111110 60626.388890 59161.111110 60125.000000 59780.555560 64545.833330 46681.944440 54725.000000 55594.444440 30875.000000
26343.055560 19088.888890 51408.333330 26488.888890 24155.555560 44647.222220 53258.333330 62183.333330 58373.611110 44715.277780 45590.277780 36868.055560 50045.833330 47613.888890 48025.000000 47997.222220 36531.944440 55593.055560 54120.833330 60979.166670 53583.333330 60340.277780 54498.611110 57176.388890 50904.166670 51318.055560 50211.111110 53418.055560 52463.888890 48341.666670 42530.555560 38420.833330 22912.500000 32915.277780 36756.944440 31819.444440 48545.833330 63711.111110 33118.055560 26715.277780 36275.000000 42104.166670 48597.222220 43622.222220 52037.500000 51038.888890 47112.500000 44498.611110 37600.000000 46480.555560 44923.611110 52323.611110 56075.000000 64791.666670
5036.111111 43872.222220 63673.611110 12343.055560 24622.222220 51547.222220 48350.000000 39006.944440 50680.555560 49731.944440 38334.722220 33015.277780 33456.944440 31734.722220 41305.555560 43813.888890 39568.055560 42748.611110 47050.000000 53598.611110 61187.500000 57822.222220 50915.277780 58823.611110 64531.944440 49423.611110 44476.388890 53969.444440 48183.333330 39962.500000 40018.055560 39365.277780 8440.277777 7343.055555 9311.111111 11859.722220 21250.000000 42095.833330 23013.888890 24837.500000 39069.444440 22883.333330 29630.555560 26550.000000 47956.944440 54662.500000 39373.611110 31023.611110 41438.888890 45158.333330 57720.833330 59604.166670 51777.777780 60063.888890
37262.500000 47519.444440 33133.333330 15395.833330 49206.944440 55965.277780 38115.277780 36708.333330 42113.888890 37288.888890 35220.833330 30609.722220 29280.555560 29056.944440 33209.722220 39747.222220 45397.222220 35641.666670 52975.000000 55569.444440 46212.500000 53095.833330 44651.388890 47281.944440 46098.611110 41388.888890 45662.500000 48206.944440 38336.111110 33851.388890 38668.055560 34886.111110 9945.833333 10370.833330 10163.888890 8968.055555 9252.777777 9225.000000 8759.722222 16066.666670 21079.166670 11281.944440 42148.611110 49390.277780 42676.388890 48197.222220 38770.833330 46538.888890 45079.166670 45725.000000 56893.055560 68600.000000 47748.611110 65486.111110
43011.111110 19311.111110 21023.611110 59943.055560 69481.944440 45105.555560 50066.666670 53913.888890 33379.166670 30915.277780 30029.166670 24388.888890 28277.777780 31270.833330 24473.611110 33627.777780 34363.888890 34291.666670 32973.611110 35813.888890 39994.444440 37986.111110 48200.000000 58519.444440 51765.277780 50668.055560 47191.666670 38434.722220 30845.833330 29331.944440 34048.611110 21734.722220 9697.222222 9643.055555 10618.055560 8451.388888 9366.666666 11016.666670 8934.722222 7198.611111 9370.833333 9363.888888 22931.944440 21019.444440 29656.944440 29940.277780 37348.611110 40211.111110 51094.444440 59098.611110 62641.666670 51723.611110 35680.555560 45130.555560
33506.944440 51223.611110 42226.388890 52144.444440 50284.722220 58591.666670 35302.777780 30172.222220 44040.277780 38990.277780 32572.222220 25259.722220 24247.222220 32750.000000 20048.611110 31769.444440 29951.388890 32876.388890 32069.444440 22697.222220 35769.444440 45698.611110 48312.500000 57600.000000 50984.722220 49226.388890 45306.944440 51425.000000 29022.222220 27330.555560 30737.500000 16476.388890 8245.833333 9275.000000 9202.777777 8276.388888 10509.722220 10862.500000 8672.222222 9752.777777 9245.833333 10469.444440 12529.166670 23861.111110 28540.277780 43579.166670 51112.500000 53863.888890 48588.888890 47376.388890 52776.388890 36401.388890 40998.611110 32091.666670
55965.277780 25187.500000 22397.222220 42137.500000 47112.500000 48191.666670 37040.277780 47018.055560 54072.222220 55577.777780 26144.444440 25301.388890 32741.666670 28736.111110 41570.833330 40577.777780 30411.111110 45156.944440 21858.333330 7527.777777 37815.277780 44602.777780 57036.111110 53897.222220 46323.611110 35523.611110 52531.944440 58502.777780 31305.555560 10554.166670 20104.166670 8154.166666 8873.611111 9531.944444 9105.555555 8088.888888 9834.722222 10152.777780 10511.111110 11402.777780 10469.444440 11623.611110 18731.944440 25418.055560 31550.000000 40820.833330 43904.166670 58090.277780 26226.388890 54347.222220 57351.388890 61288.888890 48088.888890 40772.222220
23527.777780 3580.555555 3020.833333 24037.500000 41118.055560 45015.277780 34575.000000 39463.888890 52154.166670 60037.500000 57498.611110 51676.388890 56009.722220 46481.944440 26272.222220 47073.611110 42612.500000 26973.611110 12297.222220 26559.722220 50836.111110 52795.833330 57079.166670 56595.833330 34198.611110 44520.833330 45862.500000 37212.500000 29575.000000 7156.944444 20233.333330 7148.611111 7430.555555 8587.500000 9084.722222 9976.388888 11738.888890 11412.500000 8463.888888 10965.277780 12034.722220 11641.666670 20058.333330 26206.944440 25516.666670 31416.666670 48930.555560 49643.055560 45347.222220 38936.111110 59666.666670 55722.222220 52712.500000 10315.277780
3947.222222 3608.333333 3495.833333 4004.166666 34601.388890 41547.222220 46283.333330 39397.222220 47381.944440 62655.555560 55388.888890 55293.055560 58358.333330 42580.555560 45552.777780 37436.111110 34263.888890 36551.388890 19786.111110 44908.333330 50593.055560 48843.055560 52137.500000 34197.222220 5238.888888 6056.944444 19847.222220 19373.611110 15765.277780 7206.944444 9758.333333 7531.944444 8876.388888 8112.500000 8759.722222 10716.666670 10952.777780 11569.444440 10008.333330 9420.833333 10763.888890 12187.500000 6245.833333 12497.222220 27718.055560 9736.111111 16579.166670 47756.944440 49759.722220 39983.333330 30597.222220 41165.277780 16076.388890 8118.055555
3680.555555 3712.500000 3070.833333 4122.222222 34112.500000 50462.500000 44276.388890 45118.055560 48145.833330 45370.833330 49683.333330 44640.277780 44075.000000 24866.666670 47270.833330 37784.722220 54370.833330 36673.611110 55781.944440 47323.611110 49790.277780 29468.055560 51004.166670 6322.222222 4790.277777 3268.055555 8240.277777 3827.777777 2990.277777 3059.722222 5115.277777 6159.722222 8250.000000 8175.000000 7429.166666 10409.722220 10379.166670 10498.611110 7165.277777 9543.055555 10205.555560 11497.222220 11406.944440 38355.555560 16981.944440 25306.944440 47044.444440 12372.222220 45123.611110 37758.333330 47095.833330 18037.500000 8286.111111 8200.000000
4045.833333 3297.222222 2913.888888 4081.944444 20381.944440 39837.500000 30573.611110 36218.055560 35518.055560 36738.888890 37608.333330 35411.111110 34420.833330 36958.333330 31743.055560 40959.722220 41801.388890 35118.055560 38641.666670 28545.833330 29763.888890 17688.888890 5806.944444 4588.888888 4287.500000 3650.000000 3702.777777 6980.555555 3015.277777 4116.666666 5723.611111 7162.500000 7543.055555 8718.055555 8872.222222 7856.944444 7750.000000 7375.000000 7133.333333 8100.000000 9756.944444 10688.888890 8688.888888 32429.166670 45690.277780 44466.666670 23611.111110 38038.888890 30541.666670 26988.888890 21150.000000 6725.000000 8208.333333 9202.777777
4026.388888 4116.666666 8294.444444 7163.888888 9594.444444 34850.000000 29576.388890 34759.722220 27106.944440 30891.666670 37183.333330 33487.500000 34413.888890 32105.555560 29888.888890 37141.666670 40313.888890 36148.611110 3947.222222 4270.833333 3770.833333 4580.555555 5133.333333 4527.777777 4804.166666 3756.944444 3275.000000 3025.000000 2963.888888 3756.944444 7340.277777 8088.888888 8318.055555 10125.000000 10326.388890 7595.833333 4315.277777 6090.277777 5676.388888 6441.666666 8533.333333 9647.222222 10570.833330 22965.277780 22306.944440 14295.833330 33134.722220 18362.500000 19222.222220 20819.444440 18208.333330 6452.777777 8234.722222 8241.666666
10559.722220 32036.111110 33076.388890 31122.222220 31943.055560 38281.944440 35812.500000 33176.388890 34680.555560 42443.055560 39373.611110 34501.388890 34800.000000 21108.333330 14698.611110 31029.166670 19400.000000 4272.222222 4170.833333 3612.500000 3684.722222 3616.666666 4494.444444 3684.722222 3941.666666 3077.777777 3497.222222 4105.555555 2887.500000 2825.000000 5572.222222 7513.888888 8426.388888 8956.944444 9815.277777 9736.111111 7622.222222 7355.555555 8012.500000 8381.944444 7801.388888 8731.944444 10865.277780 8984.722222 21602.777780 12402.777780 7819.444444 9615.277777 17963.888890 41791.666670 23862.500000 6418.055555 8520.833333 7987.500000
47041.666670 42609.722220 41137.500000 34895.833330 35383.333330 30354.166670 31473.611110 31145.833330 38225.000000 35202.777780 34697.222220 14236.111110 24433.333330 21683.333330 26323.611110 17155.555560 11668.055560 4318.055555 3868.055555 3945.833333 3752.777777 4300.000000 4350.000000 4040.277777 3155.555555 3311.111111 3506.944444 3148.611111 3059.722222 3409.722222 4558.333333 6600.000000 7413.888888 7101.388888 5626.388888 6670.833333 7066.666666 6491.666666 7326.388888 7352.777777 8341.666666 8487.500000 8072.222222 5475.000000 10568.055560 7080.555555 7708.333333 11644.444440 9281.944444 20844.444440 18473.611110 6366.666666 8462.500000 9304.166666
47987.500000 38095.833330 39293.055560 35712.500000 36608.333330 37959.722220 50800.000000 24395.833330 33305.555560 29284.722220 36823.611110 18769.444440 22401.388890 15494.444440 23865.277780 11918.055560 3416.666666 3647.222222 3652.777777 3786.111111 4702.777777 4933.333333 2966.666666 3537.500000 3040.277777 3423.611111 3068.055555 2829.166666 3437.500000 4115.277777 3954.166666 3956.944444 4579.166666 4570.833333 3984.722222 4193.055555 3940.277777 3841.666666 6172.222222 7590.277777 7858.333333 7800.000000 8315.277777 4816.666666 6348.611111 7427.777777 35836.111110 25477.777780 24981.944440 13305.555560 14884.722220 6791.666666 7991.666666 9040.277777
39495.833330 33004.166670 27066.666670 30287.500000 37200.000000 45461.111110 41956.944440 10062.500000 4643.055555 10031.944440 8216.666666 14025.000000 13044.444440 10184.722220 8902.777777 21329.166670 3477.777777 3848.611111 3800.000000 3748.611111 4244.444444 3940.277777 3394.444444 3095.833333 3425.000000 3240.277777 3048.611111 2755.555555 4444.444444 5125.000000 4408.333333 4112.500000 3979.166666 3856.944444 4363.888888 5559.722222 5252.777777 6491.666666 4276.388888 5915.277777 5645.833333 5973.611111 8490.277777 7726.388888 4043.055555 5450.000000 13426.388890 36622.222220 28734.722220 34263.888890 22640.277780 5841.666666 6822.222222 6775.000000
41829.166670 26331.944440 31333.333330 39940.277780 33386.111110 35583.333330 61833.333330 10411.111110 4063.888888 3730.555555 3197.222222 4168.055555 4955.555555 5356.944444 4806.944444 9122.222222 9804.166666 6045.833333 16433.333330 13995.833330 3670.833333 3652.777777 3893.055555 3583.333333 3268.055555 2897.222222 2583.333333 3244.444444 4498.611111 5009.722222 4565.277777 3523.611111 3704.166666 4173.611111 5048.611111 5043.055555 5245.833333 5677.777777 5259.722222 4638.888888 3168.055555 3501.388888 3890.277777 1790.277777 2252.777777 2291.666666 17311.111110 12448.611110 20977.777780 18147.222220 36444.444440 5983.333333 7394.444444 6891.666666
47684.722220 37951.388890 44206.944440 40875.000000 30294.444440 30195.833330 19491.666670 4025.000000 3456.944444 2012.500000 3668.055555 4025.000000 4265.277777 5391.666666 5495.833333 4183.333333 7825.000000 15723.611110 27583.333330 32659.722220 16536.111110 9369.444444 3461.111111 3747.222222 3795.833333 3491.666666 3837.500000 4570.833333 4859.722222 5386.111111 4202.777777 3908.333333 4301.388888 5422.222222 5265.277777 4498.611111 4859.722222 5256.944444 4854.166666 4381.944444 4331.944444 5311.111111 4629.166666 4675.000000 19179.166670 28225.000000 7266.666666 11712.500000 19290.277780 37437.500000 32204.166670 7019.444444 7113.888888 18505.555560
50990.277780 49779.166670 47077.777780 25855.555560 44061.111110 23841.666670 4476.388888 3248.611111 4920.833333 3184.722222 4788.888888 4584.722222 3659.722222 4606.944444 4955.555555 4700.000000 4652.777777 23022.222220 50694.444440 49395.833330 30286.111110 16125.000000 16562.500000 1793.055555 2716.666666 3018.055555 12147.222220 19795.833330 11990.277780 4016.666666 3961.111111 4504.166666 4570.833333 5091.666666 5266.666666 6898.611111 5177.777777 5468.055555 5338.888888 5155.555555 4625.000000 6438.888888 5766.666666 15176.388890 20847.222220 29419.444440 3838.888888 16600.000000 43758.333330 31065.277780 37625.000000 11213.888890 21645.833330 46680.555560
62648.611110 52566.666670 60651.388890 48320.833330 48347.222220 6613.888888 3952.777777 4669.444444 4152.777777 2748.611111 4777.777777 4937.500000 4100.000000 4330.555555 5272.222222 4937.500000 4388.888888 31612.500000 19293.055560 8429.166666 19829.166670 27165.277780 13134.722220 1036.111111 3434.722222 12488.888890 28188.888890 40481.944440 37048.611110 20295.833330 7605.555555 4780.555555 4794.444444 4930.555555 5516.666666 5670.833333 6619.444444 5904.166666 5912.500000 5415.277777 4455.555555 4548.611111 8241.666666 37462.500000 40827.777780 33002.777780 49655.555560 35858.333330 46972.222220 32776.388890 30350.000000 38783.333330 39851.388890 24090.277780
71486.111110 69151.388890 52629.166670 62866.666670 8108.333333 5154.166666 3102.777777 4338.888888 3130.555555 3720.833333 4795.833333 4536.111111 3941.666666 4237.500000 4187.500000 4058.333333 4154.166666 22884.722220 33318.055560 28304.166670 31602.777780 28059.722220 6183.333333 13401.388890 9165.277777 21541.666670 38693.055560 44176.388890 22738.888890 27805.555560 23743.055560 25454.166670 15670.833330 8056.944444 4897.222222 6006.944444 8225.000000 7411.111111 5665.277777 5348.611111 5965.277777 6276.388888 7663.888888 29979.166670 39472.222220 41916.666670 60255.555560 36709.722220 20697.222220 21593.055560 38868.055560 42204.166670 23609.722220 20908.333330
79994.444440 72763.888890 66209.722220 31630.555560 5384.722222 3900.000000 4144.444444 3956.944444 2368.055555 2891.666666 4291.666666 4150.000000 3826.388888 4781.944444 4527.777777 4161.111111 4641.666666 7720.833333 22388.888890 26056.944440 33669.444440 24319.444440 26587.500000 19648.611110 17636.111110 32172.222220 42906.944440 40968.055560 46170.833330 39397.222220 44373.611110 26755.555560 18644.444440 24650.000000 12788.888890 6818.055555 6630.555555 7059.722222 5111.111111 5298.611111 6213.888888 7319.444444 7083.333333 22952.777780 33468.055560 49756.944440 57111.111110 47051.388890 24294.444440 16866.666670 26044.444440 24234.722220 21419.444440 15151.388890
