_readme/moea-velma-presentation_2018Feb_tutorial15_hydrology_part1/moeaPortion/5_working_example/BlueRiver_WS10_MOEA/InitialBiomass.asc
ncols 628
nrows 534
xllcorner 553072.11763088
yllcorner 4893995.080683
cellsize 30.0
nodata_value -9999.0
[rows 360 to 383 of 534, columns 54 to 107 of 628]
26898.611110 30963.888890 31262.500000 28626.388890 33051.388890 28513.888890 30566.666670 36630.555560 35850.000000 29319.444440 19256.944440 15870.833330 12311.111110 7493.055555 14362.500000 12556.944440 11918.055560 9786.111111 9955.555555 7713.888888 10938.888890 16434.722220 31631.944440 38837.500000 30458.333330 28844.444440 23220.833330 20490.277780 18304.166670 29400.000000 5252.777777 6090.277777 9591.666666 5484.722222 6327.777777 7726.388888 11618.055560 4041.666666 5925.000000 5906.944444 4388.888888 4943.055555 5454.166666 9393.055555 9744.444444 9869.444444 8258.333333 10531.944440 9704.166666 10420.833330 14418.055560 12637.500000 7981.944444 14393.055560
27472.222220 35900.000000 34619.444440 39713.888890 39363.888890 31966.666670 28015.277780 21356.944440 28795.833330 29791.666670 26434.722220 26938.888890 15629.166670 10834.722220 13733.333330 14784.722220 12702.777780 8552.777777 6411.111111 4916.666666 9197.222222 29279.166670 42729.166670 25605.555560 18620.833330 31420.833330 28218.055560 19288.888890 5966.666666 5465.277777 5368.055555 7269.444444 8929.166666 6223.611111 7248.611111 10447.222220 10487.500000 10568.055560 6593.055555 5961.111111 5776.388888 5266.666666 6661.111111 9163.888888 8538.888888 7756.944444 7869.444444 7777.777777 7948.611111 8497.222222 15791.666670 11409.722220 11709.722220 13997.222220
37784.722220 31891.666670 32627.777780 36980.555560 28106.944440 29840.277780 27697.222220 28143.055560 29791.666670 25466.666670 31336.111110 43744.444440 28488.888890 12097.222220 13683.333330 15359.722220 15388.888890 13276.388890 9488.888888 6606.944444 21991.666670 30354.166670 31000.000000 12195.833330 10195.833330 21675.000000 9681.944444 7304.166666 6231.944444 5880.555555 5165.277777 7486.111111 7463.888888 6861.111111 6962.500000 9943.055555 10652.777780 19436.111110 10826.388890 7159.722222 7201.388888 5250.000000 6656.944444 8086.111111 7943.055555 7283.333333 6988.888888 8322.222222 6819.444444 6151.388888 8873.611111 7309.722222 9270.833333 10137.500000
39193.055560 38933.333330 41809.722220 35965.277780 26975.000000 32016.666670 27323.611110 36612.500000 29443.055560 28319.444440 26627.777780 30422.222220 21176.388890 11263.888890 12095.833330 14290.277780 13830.555560 12515.277780 14191.666670 7490.277777 29255.555560 15343.055560 15634.722220 12658.333330 7194.444444 7302.777777 7618.055555 6490.277777 6761.111111 6358.333333 5800.000000 10180.555560 8091.666666 7223.611111 6097.222222 6843.055555 9804.166666 25554.166670 72104.166670 11230.555560 8662.500000 8083.333333 8343.055555 5491.666666 7783.333333 9156.944444 9551.388888 7019.444444 5909.722222 4983.333333 5300.000000 4305.555555 5997.222222 7580.555555
37155.555560 37484.722220 39909.722220 21987.500000 41954.166670 23638.888890 29393.055560 27218.055560 23191.666670 32677.777780 36583.333330 27788.888890 23956.944440 6180.555555 5711.111111 5780.555555 13050.000000 13076.388890 8466.666666 26259.722220 33777.777780 24295.833330 15487.500000 7045.833333 6356.944444 4931.944444 5962.500000 6515.277777 5700.000000 6231.944444 6136.111111 11584.722220 8202.777777 6436.111111 6102.777777 5448.611111 5243.055555 10251.388890 42369.444440 52220.833330 10180.555560 9587.500000 10970.833330 10211.111110 4961.111111 9529.166666 9451.388888 10741.666670 5933.333333 5090.277777 5473.611111 5387.500000 5048.611111 6654.166666
48341.666670 37297.222220 51129.166670 44933.333330 41573.611110 41987.500000 32401.388890 21941.666670 39372.222220 39330.555560 43413.888890 42362.500000 28229.166670 4240.277777 6788.888888 7265.277777 12640.277780 10251.388890 36852.777780 24858.333330 13109.722220 22538.888890 5530.555555 6673.611111 4675.000000 4930.555555 5652.777777 6187.500000 5227.777777 5459.722222 6120.833333 9059.722222 6600.000000 7098.611111 5672.222222 3837.500000 5544.444444 11343.055560 11980.555560 13476.388890 34516.666670 35261.111110 30536.111110 32388.888890 49440.277780 30391.666670 19444.444440 27036.111110 12029.166670 8725.000000 7361.111111 6400.000000 5252.777777 5188.888888
53100.000000 58756.944440 40540.277780 44554.166670 55658.333330 42780.555560 56411.111110 47831.944440 41266.666670 36019.444440 23095.833330 36022.222220 24965.277780 6793.055555 8394.444444 9300.000000 9983.333333 7120.833333 14958.333330 24329.166670 22368.055560 14862.500000 5823.611111 3730.555555 5780.555555 13934.722220 13268.055560 9355.555555 5975.000000 5405.555555 17270.833330 5826.388888 9456.944444 5347.222222 4251.388888 5761.111111 8626.388888 11838.888890 11161.111110 13311.111110 15186.111110 13005.555560 42740.277780 13812.500000 13405.555560 18038.888890 17783.333330 19765.277780 26281.944440 20290.277780 26165.277780 9415.277777 5956.944444 5113.888888
62319.444440 51320.833330 73077.777780 54558.333330 47251.388890 50150.000000 71763.888890 67555.555560 33280.555560 37529.166670 40188.888890 22086.111110 3340.277777 6700.000000 9559.722222 7730.555555 9968.055555 12055.555560 33683.333330 19669.444440 26480.555560 12663.888890 5804.166666 4606.944444 5270.833333 20500.000000 23906.944440 7359.722222 5194.444444 4127.777777 4145.833333 4801.388888 4812.500000 7945.833333 5631.944444 7495.833333 9750.000000 11216.666670 9169.444444 11181.944440 13651.388890 14320.833330 12723.611110 12680.555560 13094.444440 30694.444440 20772.222220 46381.944440 26347.222220 24350.000000 48604.166670 36769.444440 20900.000000 7662.500000
51115.277780 49200.000000 46050.000000 62552.777780 53533.333330 50658.333330 43990.277780 61390.277780 51477.777780 46137.500000 36865.277780 13348.611110 2848.611111 8850.000000 13959.722220 12483.333330 8063.888888 14005.555560 27598.611110 18463.888890 12448.611110 9405.555555 4259.722222 4409.722222 4948.611111 12858.333330 40069.444440 42411.111110 8201.388888 5150.000000 4086.111111 3831.944444 3223.611111 4420.833333 11023.611110 12998.611110 12020.833330 10819.444440 8448.611111 11441.666670 10091.666670 10204.166670 11040.277780 10559.722220 14912.500000 50236.111110 43143.055560 52013.888890 47022.222220 38040.277780 22870.833330 29613.888890 23709.722220 37319.444440
48465.277780 47175.000000 54693.055560 53338.888890 48298.611110 60598.611110 55894.444440 46420.833330 50141.666670 53466.666670 10090.277780 3305.555555 4325.000000 14213.888890 14394.444440 8033.333333 17358.333330 14322.222220 19411.111110 13326.388890 10491.666670 6365.277777 4765.277777 5265.277777 5476.388888 11572.222220 27170.833330 34536.111110 11481.944440 8354.166666 6602.777777 7119.444444 5301.388888 6175.000000 9283.333333 10456.944440 12636.111110 9601.388888 5962.500000 9958.333333 8998.611111 8381.944444 9450.000000 8219.444444 12736.111110 30762.500000 24862.500000 64076.388890 58211.111110 29497.222220 48715.277780 29647.222220 32865.277780 42476.388890
37529.166670 47568.055560 58826.388890 45584.722220 50404.166670 47025.000000 49315.277780 51297.222220 49993.055560 53020.833330 29615.277780 5316.666666 9395.833333 13102.777780 7943.055555 7919.444444 19200.000000 12354.166670 8823.611111 6977.777777 6688.888888 6418.055555 5956.944444 6022.222222 6166.666666 11993.055560 13737.500000 24123.611110 43788.888890 20741.666670 17644.444440 10911.111110 9019.444444 7908.333333 13873.611110 10534.722220 10695.833330 8797.222222 7498.611111 8463.888888 6468.055555 7812.500000 8631.944444 10345.833330 16230.555560 18354.166670 35273.611110 28011.111110 40330.555560 41234.722220 48111.111110 29681.944440 30891.666670 38047.222220
46229.166670 58106.944440 46318.055560 34612.500000 40625.000000 42808.333330 56490.277780 45652.777780 55247.222220 34351.388890 17769.444440 8418.055555 6655.555555 6272.222222 7484.722222 8093.055555 8011.111111 8104.166666 5836.111111 4959.722222 6923.611111 4790.277777 5286.111111 6259.722222 7361.111111 8818.055555 18043.055560 23886.111110 15116.666670 22475.000000 16240.277780 7436.111111 9538.888888 7377.777777 10568.055560 7051.388888 8508.333333 8162.500000 9050.000000 6715.277777 5338.888888 7706.944444 8398.611111 17091.666670 20976.388890 12234.722220 16258.333330 35391.666670 24390.277780 24266.666670 39851.388890 36023.611110 33472.222220 28187.500000
37825.000000 20484.722220 29687.500000 34533.333330 48518.055560 37245.833330 28273.611110 38831.944440 39866.666670 20113.888890 6155.555555 11673.611110 2438.888888 4618.055555 6434.722222 8152.777777 5372.222222 5943.055555 6006.944444 6048.611111 6280.555555 5052.777777 5197.222222 5450.000000 5400.000000 8312.500000 10033.333330 25950.000000 15720.833330 6075.000000 8806.944444 8140.277777 11215.277780 5848.611111 6604.166666 5983.333333 5686.111111 5920.833333 7493.055555 5622.222222 5797.222222 8630.555555 10006.944440 12876.388890 7169.444444 6827.777777 11193.055560 12694.444440 23769.444440 17236.111110 14422.222220 41929.166670 48304.166670 49523.611110
30029.166670 56229.166670 44925.000000 32077.777780 44647.222220 39634.722220 32201.388890 28838.888890 32651.388890 34773.611110 11558.333330 5984.722222 2276.388888 4470.833333 4270.833333 5156.944444 5511.111111 6252.777777 6754.166666 5993.055555 5454.166666 5233.333333 5943.055555 5165.277777 5950.000000 6834.722222 17512.500000 18713.888890 15586.111110 5488.888888 7773.611111 8584.722222 6609.722222 3213.888888 4666.666666 7102.777777 5801.388888 3744.444444 5536.111111 4908.333333 4797.222222 10186.111110 11130.555560 14506.944440 7811.111111 5943.055555 11823.611110 14581.944440 14990.277780 19231.944440 22526.388890 49825.000000 63925.000000 49008.333330
21355.555560 23397.222220 23618.055560 35868.055560 54793.055560 34150.000000 33545.833330 31205.555560 7500.000000 7672.222222 9401.388888 3355.555555 5212.500000 3494.444444 4127.777777 4606.944444 5343.055555 4906.944444 6570.833333 5591.666666 6068.055555 7212.500000 6279.166666 4627.777777 6376.388888 11120.833330 21294.444440 23950.000000 27915.277780 13218.055560 6697.222222 8444.444444 7736.111111 5808.333333 4588.888888 4077.777777 4627.777777 4840.277777 7129.166666 4836.111111 7351.388888 7761.111111 24886.111110 19722.222220 6580.555555 6055.555555 14477.777780 12801.388890 15055.555560 21759.722220 23858.333330 32504.166670 31319.444440 35763.888890
32501.388890 29347.222220 25452.777780 31669.444440 36943.055560 43527.777780 34052.777780 18418.055560 6151.388888 5675.000000 1240.277777 1825.000000 3327.777777 5220.833333 6072.222222 4618.055555 4354.166666 4758.333333 4050.000000 5441.666666 5843.055555 6091.666666 6188.888888 5638.888888 7043.055555 10955.555560 25426.388890 23641.666670 20943.055560 26061.111110 15984.722220 6286.111111 7731.944444 6575.000000 5068.055555 5708.333333 7002.777777 7530.555555 5540.277777 3131.944444 4393.055555 5973.611111 17329.166670 21177.777780 10880.555560 8154.166666 12865.277780 15054.166670 14104.166670 13706.944440 20659.722220 30991.666670 38704.166670 54012.500000
40886.111110 38015.277780 31062.500000 37844.444440 42080.555560 48958.333330 58023.611110 8840.277777 3268.055555 2120.833333 998.611111 2916.666666 3793.055555 4312.500000 4747.222222 5881.944444 4229.166666 3572.222222 2781.944444 3918.055555 6131.944444 6541.666666 5693.055555 6315.277777 6784.722222 12831.944440 20688.888890 25998.611110 30843.055560 18306.944440 15775.000000 9350.000000 5765.277777 4534.722222 5590.277777 5837.500000 7226.388888 8219.444444 6568.055555 5506.944444 4620.833333 3508.333333 6427.777777 13036.111110 7320.833333 5851.388888 9505.555555 9662.500000 12227.777780 10155.555560 13911.111110 22605.555560 28761.111110 36363.888890
33350.000000 38647.222220 37045.833330 38890.277780 36013.888890 29334.722220 58180.555560 4373.611111 2259.722222 2330.555555 4830.555555 15726.388890 3536.111111 4069.444444 4258.333333 4990.277777 4434.722222 3680.555555 3213.888888 3150.000000 5527.777777 5890.277777 4781.944444 6981.944444 10462.500000 20611.111110 23705.555560 20138.888890 21995.833330 13347.222220 12106.944440 10272.222220 10430.555560 5726.388888 7226.388888 5970.833333 6180.555555 6700.000000 5619.444444 4922.222222 5676.388888 3333.333333 4286.111111 7034.722222 10659.722220 4479.166666 4906.944444 8062.500000 11506.944440 14519.444440 19718.055560 21062.500000 30470.833330 22022.222220
25669.444440 38977.777780 21656.944440 48934.722220 39711.111110 56163.888890 12177.777780 34958.333330 13431.944440 23627.777780 35162.500000 18686.111110 33504.166670 7184.722222 3790.277777 4380.555555 2980.555555 2969.444444 2802.777777 2741.666666 3776.388888 3912.500000 4350.000000 5331.944444 9016.666666 17006.944440 15694.444440 17290.277780 8015.277777 7958.333333 6715.277777 8647.222222 9266.666666 6538.888888 5233.333333 5822.222222 5654.166666 6788.888888 5186.111111 5777.777777 6152.777777 3645.833333 4363.888888 6109.722222 6002.777777 4868.055555 6125.000000 8488.888888 11075.000000 15656.944440 18947.222220 21687.500000 16370.833330 15830.555560
23038.888890 36755.555560 26983.333330 23904.166670 42795.833330 25109.722220 12905.555560 26500.000000 28291.666670 28461.111110 51859.722220 17708.333330 37451.388890 23444.444440 7533.333333 2870.833333 3134.722222 3380.555555 2963.888888 2602.777777 3579.166666 4361.111111 4326.388888 6484.722222 11927.777780 10663.888890 10519.444440 11184.722220 9079.166666 7518.055555 8440.277777 8695.833333 8490.277777 6859.722222 5384.722222 5836.111111 7048.611111 4979.166666 5202.777777 5745.833333 3556.944444 2491.666666 4648.611111 7097.222222 8886.111111 6873.611111 6805.555555 10479.166670 14986.111110 14380.555560 17669.444440 13137.500000 10433.333330 6154.166666
28456.944440 34894.444440 54200.000000 48358.333330 20694.444440 7316.666666 41983.333330 29369.444440 34152.777780 36619.444440 42834.722220 38834.722220 20656.944440 28456.944440 28190.277780 11336.111110 4388.888888 3252.777777 2623.611111 3159.722222 3730.555555 4006.944444 4906.944444 9565.277777 13843.055560 12404.166670 9854.166666 6538.888888 5602.777777 5062.500000 5133.333333 8758.333333 8451.388888 9022.222222 5376.388888 6037.500000 5502.777777 5669.444444 5284.722222 4916.666666 3376.388888 2968.055555 5791.666666 12008.333330 11418.055560 8386.111111 11472.222220 16954.166670 17344.444440 13598.611110 8888.888888 9995.833333 5225.000000 8626.388888
35345.833330 53201.388890 65494.444440 32801.388890 6422.222222 35713.888890 35245.833330 24256.944440 29926.388890 45426.388890 23718.055560 29045.833330 32615.277780 38443.055560 35081.944440 16580.555560 15205.555560 8105.555555 2859.722222 3084.722222 3384.722222 4343.055555 5722.222222 13477.777780 10611.111110 10254.166670 8925.000000 4911.111111 5781.944444 4745.833333 5651.388888 6851.388888 10937.500000 14994.444440 5704.166666 6005.555555 6561.111111 5358.333333 4208.333333 3273.611111 3829.166666 3094.444444 6359.722222 10350.000000 13813.888890 13175.000000 19269.444440 18555.555560 13322.222220 10186.111110 8640.277777 5854.166666 5247.222222 5620.833333
33766.666670 43643.055560 44788.888890 40447.222220 10095.833330 20451.388890 29543.055560 22625.000000 32836.111110 33169.444440 35779.166670 19750.000000 24954.166670 38537.500000 38320.833330 28795.833330 23136.111110 14956.944440 9181.944444 4012.500000 3275.000000 5662.500000 8105.555555 12547.222220 10665.277780 7754.166666 6647.222222 5129.166666 8005.555555 7001.388888 10068.055560 10711.111110 12011.111110 19311.111110 9073.611111 3937.500000 5626.388888 4594.444444 4015.277777 3451.388888 4234.722222 5175.000000 6720.833333 9245.833333 10625.000000 12345.833330 16183.333330 15452.777780 15618.055560 9615.277777 9673.611111 4916.666666 6698.611111 4008.333333
36318.055560 57109.722220 27331.944440 6262.500000 26576.388890 27102.777780 15726.388890 29144.444440 28243.055560 27433.333330 23380.555560 24638.888890 22405.555560 31543.055560 40881.944440 37656.944440 35034.722220 23416.666670 17369.444440 14809.722220 10638.888890 7075.000000 9363.888888 8950.000000 6965.277777 6988.888888 6133.333333 7234.722222 8569.444444 15863.888890 14973.611110 21447.222220 15043.055560 18376.388890 11087.500000 6298.611111 4433.333333 4305.555555 4426.388888 4100.000000 3912.500000 4754.166666 6090.277777 6018.055555 7355.555555 9040.277777 14795.833330 12595.833330 14068.055560 8622.222222 7470.833333 4563.888888 4693.055555 3777.777777
