_readme/moea-velma-presentation_2018Feb_tutorial15_hydrology_part1/moeaPortion/5_working_example/BlueRiver_WS10_MOEA/InitialBiomass.asc
ncols 628
nrows 534
xllcorner 553072.11763088
yllcorner 4893995.080683
cellsize 30.0
nodata_value -9999.0
[rows 264 to 287 of 534, columns 108 to 161 of 628]
48404.166670 70802.777780 7502.777777 4063.888888 4281.944444 4113.888888 4526.388888 4961.111111 5730.555555 5811.111111 6050.000000 6533.333333 7479.166666 5476.388888 4540.277777 5002.777777 3240.277777 3756.944444 3861.111111 4845.833333 63672.222220 83830.555560 82370.833330 59305.555560 90375.000000 78419.444440 60106.944440 59541.666670 65305.555560 54184.722220 56179.166670 38111.111110 72593.055560 65013.888890 55386.111110 69000.000000 42500.000000 54591.666670 68245.833330 108568.055600 57070.833330 62662.500000 48708.333330 99109.722220 87854.166670 59634.722220 63808.333330 71816.666670 38395.833330 57811.111110 78475.000000 82265.277780 38450.000000 59933.333330
15344.444440 2890.277777 3409.722222 4376.388888 6137.500000 6063.888888 5513.888888 5848.611111 6593.055555 7283.333333 8158.333333 6905.555555 7120.833333 8106.944444 9763.888888 7715.277777 4631.944444 3218.055555 2954.166666 5470.833333 36613.888890 70483.333330 24105.555560 25111.111110 60127.777780 45097.222220 59986.111110 27862.500000 12102.777780 11638.888890 49581.944440 49948.611110 35687.500000 82245.833330 42172.222220 64080.555560 41141.666670 52370.833330 47629.166670 57109.722220 84613.888890 87677.777780 53900.000000 31555.555560 33584.722220 37829.166670 61072.222220 51145.833330 9944.444444 53701.388890 44030.555560 47518.055560 31940.277780 20073.611110
2601.388888 3716.666666 4177.777777 5433.333333 5819.444444 6322.222222 5568.055555 7144.444444 7154.166666 7568.055555 7945.833333 9126.388888 7100.000000 8588.888888 9036.111111 8208.333333 7994.444444 5466.666666 2575.000000 5869.444444 41566.666670 44936.111110 27720.833330 27702.777780 41540.277780 46423.611110 52452.777780 75651.388890 64444.444440 21811.111110 13208.333330 71184.722220 37413.888890 57641.666670 64312.500000 58012.500000 39613.888890 59838.888890 39887.500000 45015.277780 63275.000000 69312.500000 56723.611110 62479.166670 62984.722220 53475.000000 60205.555560 43161.111110 25300.000000 17698.611110 40675.000000 33943.055560 37634.722220 22488.888890
2061.111111 5768.055555 6947.222222 7101.388888 7473.611111 5698.611111 5704.166666 6738.888888 7409.722222 5697.222222 7702.777777 6823.611111 7798.611111 7402.777777 9544.444444 9177.777777 8812.500000 5880.555555 3604.166666 5087.500000 63934.722220 60923.611110 58227.777780 79530.555560 59136.111110 70654.166670 57212.500000 66477.777780 33377.777780 54227.777780 24176.388890 37745.833330 23366.666670 55080.555560 69441.666670 42584.722220 30877.777780 40250.000000 23420.833330 14838.888890 32298.611110 66090.277780 52454.166670 64116.666670 55061.111110 52615.277780 39943.055560 40312.500000 37598.611110 25652.777780 14345.833330 17331.944440 34673.611110 44268.055560
1830.555555 2144.444444 6637.500000 6716.666666 5541.666666 4813.888888 4416.666666 3438.888888 3215.277777 4004.166666 6448.611111 7062.500000 8347.222222 8272.222222 9816.666666 10644.444440 8195.833333 10543.055560 6516.666666 10040.277780 55512.500000 74830.555560 65759.722220 46936.111110 59290.277780 55325.000000 45284.722220 53281.944440 44929.166670 64662.500000 8175.000000 16426.388890 56327.777780 65718.055560 71561.111110 63738.888890 48854.166670 53333.333330 44288.888890 47308.333330 56097.222220 65206.944440 39669.444440 20436.111110 17280.555560 42826.388890 41444.444440 46138.888890 41661.111110 31402.777780 11252.777780 24830.555560 39865.277780 43051.388890
8818.055555 3372.222222 3662.500000 3630.555555 3115.277777 2693.055555 2836.111111 3154.166666 2572.222222 3365.277777 5133.333333 6355.555555 8152.777777 7586.111111 8169.444444 9920.833333 7316.666666 10054.166670 6965.277777 30025.000000 67251.388890 87722.222220 70700.000000 62498.611110 47766.666670 37236.111110 43818.055560 64394.444440 57855.555560 55779.166670 37241.666670 31540.277780 74127.777780 64087.500000 48336.111110 67141.666670 49688.888890 61230.555560 50668.055560 43518.055560 61869.444440 70672.222220 43843.055560 11731.944440 6818.055555 52466.666670 72183.333330 48634.722220 44351.388890 41584.722220 14347.222220 16144.444440 39279.166670 43220.833330
10495.833330 5479.166666 4547.222222 13165.277780 10411.111110 4209.722222 3070.833333 3379.166666 2890.277777 3926.388888 2394.444444 3370.833333 3063.888888 4813.888888 6468.055555 8837.500000 9176.388888 7704.166666 6909.722222 37870.833330 77427.777780 64048.611110 80344.444440 73419.444440 62104.166670 46556.944440 44131.944440 38215.277780 52397.222220 50409.722220 59172.222220 26787.500000 58393.055560 74602.777780 64733.333330 65352.777780 70754.166670 48931.944440 50462.500000 59973.611110 60576.388890 43788.888890 36523.611110 7054.166666 12172.222220 51833.333330 76816.666670 63413.888890 54743.055560 37400.000000 7158.333333 18855.555560 40080.555560 27004.166670
39455.555560 8468.055555 19065.277780 28350.000000 18200.000000 15637.500000 20611.111110 5690.277777 4102.777777 4319.444444 3600.000000 4161.111111 2483.333333 2772.222222 4919.444444 8372.222222 9631.944444 7704.166666 7404.166666 38047.222220 43281.944440 54479.166670 70873.611110 66822.222220 81345.833330 70918.055560 51201.388890 51906.944440 57700.000000 40891.666670 52368.055560 33315.277780 60950.000000 44590.277780 57005.555560 17002.777780 73991.666670 53206.944440 79861.111110 87308.333330 63743.055560 76516.666670 56530.555560 32787.500000 15579.166670 24680.555560 43848.611110 73927.777780 77455.555560 14409.722220 40198.611110 45020.833330 35716.666670 36776.388890
13645.833330 2722.222222 57394.285710 41086.111110 53312.500000 46661.111110 15813.888890 46008.333330 38751.388890 39416.666670 57036.111110 38173.611110 9419.444444 9100.000000 7702.777777 7077.777777 8711.111111 5994.444444 6033.333333 20355.555560 59990.277780 51677.777780 74769.444440 73098.611110 65358.333330 86150.000000 67336.111110 57526.388890 61670.833330 54011.111110 43919.444440 8216.666666 39440.277780 60434.722220 59720.833330 45813.888890 55634.722220 61558.333330 63950.000000 62381.944440 34133.333330 41652.777780 32720.833330 43980.555560 35368.055560 17288.888890 16597.222220 57025.000000 62156.944440 17747.222220 54951.388890 87683.333330 45154.166670 31043.055560
38315.277780 30670.833330 12683.333330 40168.055560 42541.666670 22686.111110 33195.833330 18509.722220 44026.388890 37098.611110 47343.055560 56168.055560 49495.833330 29156.944440 45672.222220 23470.833330 6756.944444 4193.055555 6329.166666 35133.333330 51488.888890 77931.944440 62322.222220 61837.500000 96915.277780 73359.722220 63958.333330 70798.611110 39212.500000 22218.055560 3498.611111 2244.444444 3029.166666 53987.500000 34956.944440 25209.722220 26408.333330 21705.555560 21052.777780 44298.611110 26770.833330 64984.722220 48602.777780 74743.055560 60400.000000 56305.555560 6287.500000 59793.055560 39318.055560 14365.277780 55040.277780 80401.388890 77981.944440 34051.388890
83876.388890 42254.166670 45302.777780 20988.888890 10720.833330 8077.777777 16061.111110 29552.777780 24391.666670 14909.722220 13266.666670 45547.222220 54579.166670 77886.111110 48077.777780 48688.888890 18488.888890 5076.388888 4300.000000 24623.611110 68343.055560 74701.388890 73988.888890 84008.333330 83584.722220 57994.444440 59437.500000 67152.777780 7337.500000 5259.722222 3216.666666 3025.000000 3313.888888 6231.944444 4801.388888 8169.444444 5398.611111 5355.555555 9301.388888 8931.944444 19402.777780 66275.000000 50602.777780 55850.000000 75954.166670 60075.000000 42231.944440 49016.666670 23951.388890 19069.444440 23706.944440 29337.500000 49309.722220 17995.833330
29112.500000 36113.888890 32469.444440 31644.444440 22008.333330 7052.777777 48143.055560 37120.833330 30976.388890 22155.555560 24191.666670 37300.000000 51287.500000 54384.722220 25286.111110 47525.000000 42184.722220 44104.166670 6115.277777 5226.388888 23844.444440 59100.000000 53375.000000 62363.888890 66980.555560 82537.500000 52911.111110 11281.944440 7994.444444 5880.555555 7537.500000 6915.277777 7163.888888 6540.277777 8861.111111 7877.777777 4515.277777 6402.777777 4306.944444 8348.611111 16062.500000 32750.000000 21186.111110 20295.833330 27615.277780 29348.611110 40402.777780 16469.444440 4455.555555 2440.277777 12015.277780 26256.944440 14154.166670 4518.055555
45811.111110 57308.333330 49075.000000 21884.722220 32115.277780 26641.666670 48977.777780 41693.055560 34466.666670 31143.055560 32333.333330 30729.166670 25002.777780 28509.722220 27902.777780 34733.333330 34854.166670 37170.833330 23455.555560 10711.111110 54713.888890 42858.333330 29325.000000 29133.333330 54012.500000 70648.611110 32831.944440 9068.055555 8234.722222 8794.444444 8905.555555 6855.555555 7444.444444 7268.055555 5329.166666 6390.277777 5198.611111 6302.777777 6538.888888 6766.666666 15933.333330 30073.611110 48915.277780 55569.444440 42030.555560 20033.333330 19958.333330 6983.333333 4694.444444 2200.000000 3918.055555 8609.722222 8791.666666 2633.333333
41758.333330 55022.222220 44293.055560 46648.611110 15045.833330 43434.722220 55738.888890 41730.555560 29611.111110 23898.611110 31279.166670 28913.888890 23293.055560 36406.944440 20470.833330 39306.944440 50175.000000 32309.722220 30187.500000 13150.000000 24766.666670 49583.333330 66588.888890 37991.666670 15376.388890 52248.611110 20763.888890 8006.944444 8834.722222 10244.444440 6736.111111 7111.111111 8761.111111 6955.555555 6359.722222 8076.388888 4919.444444 7319.444444 9247.222222 8284.722222 15025.000000 25437.500000 23598.611110 27777.777780 35150.000000 22876.388890 20013.888890 8280.555555 5233.333333 3112.500000 5033.333333 5765.277777 4037.500000 4162.500000
50576.388890 77951.388890 57547.222220 15866.666670 28731.944440 55356.944440 53877.777780 49580.555560 30454.166670 24763.888890 27501.388890 25943.055560 27704.166670 26488.888890 29580.555560 31262.500000 29541.666670 26494.444440 38979.166670 20993.055560 32943.055560 44918.055560 37843.055560 44069.444440 40748.611110 24630.555560 4448.611111 7126.388888 8587.500000 9872.222222 7284.722222 6531.944444 7745.833333 7093.055555 7723.611111 8631.944444 8150.000000 6048.611111 9188.888888 9201.388888 27154.166670 15056.944440 9522.222222 27969.444440 43083.333330 19813.888890 9330.555555 7845.833333 9384.722222 6634.722222 5945.833333 5159.722222 8156.944444 4804.166666
36356.944440 47862.500000 35286.111110 13655.555560 39762.500000 54366.666670 49480.555560 45170.833330 38318.055560 29570.833330 22301.388890 21691.666670 21551.388890 27636.111110 27700.000000 31580.555560 31536.111110 32304.166670 34794.444440 22944.444440 23711.111110 36412.500000 35695.833330 44169.444440 25293.055560 4698.611111 3540.277777 7969.444444 8193.055555 7550.000000 8334.722222 9740.277777 9308.333333 8781.944444 8625.000000 7909.722222 8523.611111 6408.333333 8552.777777 8794.444444 10406.944440 29390.277780 12480.555560 17941.666670 31270.833330 29876.388890 13915.277780 9248.611111 8631.944444 5287.500000 3009.722222 2795.833333 5356.944444 7740.277777
12258.333330 26233.333330 10604.166670 39756.944440 40479.166670 42693.055560 45240.277780 53481.944440 54504.166670 32879.166670 17968.055560 27316.666670 21338.888890 25455.555560 24123.611110 23702.777780 25027.777780 34920.833330 26429.166670 29281.944440 14390.277780 25473.611110 44573.611110 27143.055560 14477.777780 6909.722222 5381.944444 7826.388888 11669.444440 7726.388888 6355.555555 8369.444444 9345.833333 9494.444444 7659.722222 8918.055555 8261.111111 6773.611111 8830.555555 10080.555560 18202.777780 35705.555560 13441.666670 19106.944440 20755.555560 33015.277780 17186.111110 8572.222222 5004.166666 3963.888888 2076.388888 2723.611111 3323.611111 6023.611111
2673.611111 6383.333333 5913.888888 6027.777777 28183.333330 44551.388890 47097.222220 47376.388890 48623.611110 31881.944440 26577.777780 26470.833330 27300.000000 30531.944440 33169.444440 28283.333330 29726.388890 29044.444440 28241.666670 29065.277780 15895.833330 28195.833330 25701.388890 65018.055560 4973.611111 6775.000000 5870.833333 6279.166666 8470.833333 6801.388888 4534.722222 7033.333333 7981.944444 8412.500000 7716.666666 6643.055555 5318.055555 5366.666666 7540.277777 9309.722222 24427.777780 30270.833330 50447.222220 22012.500000 20606.944440 15087.500000 8311.111111 5380.555555 3059.722222 2726.388888 4506.944444 4351.388888 3355.555555 4037.500000
2925.000000 6227.777777 5938.888888 4259.722222 4058.333333 13187.500000 24665.277780 39451.388890 35466.666670 33341.666670 30750.000000 34354.166670 37715.277780 34829.166670 43472.222220 46800.000000 30340.277780 30927.777780 23977.777780 27477.777780 14327.777780 24529.166670 30209.722220 55258.333330 29179.166670 7890.277777 6609.722222 7672.222222 8437.500000 6038.888888 5419.444444 2895.833333 4022.222222 8773.611111 12733.333330 10227.777780 6362.500000 6900.000000 11463.888890 10270.833330 19730.555560 9894.444444 17755.555560 41738.888890 37209.722220 43265.277780 30494.444440 6661.111111 2518.055555 2284.722222 3086.111111 4225.000000 4631.944444 3868.055555
3656.944444 4845.833333 5715.277777 3868.055555 4556.944444 3273.611111 3233.333333 12293.055560 27286.111110 44909.722220 31702.777780 25420.833330 47394.444440 40740.277780 32880.555560 28731.944440 32843.055560 18890.277780 14570.833330 10255.555560 6759.722222 25661.111110 34519.444440 46852.777780 71858.333330 6087.500000 5952.777777 7283.333333 6113.888888 5611.111111 6470.833333 5376.388888 11448.611110 10626.388890 12955.555560 9061.111111 8800.000000 9790.277777 11515.277780 11863.888890 4880.555555 13041.666670 40694.444440 57859.722220 87262.500000 50222.222220 43922.222220 15733.333330 3431.944444 4337.500000 4677.777777 5590.277777 4794.444444 4750.000000
3968.055555 4469.444444 4291.666666 4304.166666 5112.500000 4233.333333 4811.111111 3893.055555 2897.222222 3066.666666 3586.111111 7763.888888 26568.055560 20361.111110 19023.611110 19687.500000 4233.333333 4559.722222 20141.666670 25518.055560 32383.333330 23715.277780 32409.722220 28502.777780 34151.388890 21138.888890 5015.277777 8381.944444 6452.777777 5815.277777 3930.555555 7323.611111 12897.222220 10401.388890 11801.388890 7525.000000 6038.888888 9755.555555 10181.944440 17856.944440 46204.166670 27247.222220 31245.833330 88234.722220 105104.166700 48395.833330 64025.000000 34725.000000 11247.222220 6580.555555 2773.611111 4520.833333 8718.055555 6058.333333
6634.722222 5529.166666 5348.611111 4588.888888 5144.444444 4795.833333 5272.222222 4705.555555 4077.777777 4362.500000 5048.611111 6733.333333 5826.388888 7413.888888 6800.000000 8976.388888 7911.111111 9379.166666 14943.055560 23843.055560 26665.277780 33784.722220 37316.666670 26637.500000 32013.888890 55862.500000 19009.722220 5784.722222 6676.388888 5713.888888 5925.000000 7837.500000 10863.888890 12040.277780 9268.055555 8138.888888 9668.055555 9009.722222 10520.833330 49340.277780 57740.277780 73472.222220 47962.500000 75959.722220 78779.166670 64676.388890 68119.444440 29116.666670 37631.944440 9354.166666 5776.388888 7954.166666 7955.555555 8062.500000
5804.166666 4936.111111 5179.166666 6294.444444 6375.000000 7472.222222 7127.777777 5713.888888 4716.666666 4163.888888 4701.388888 4608.333333 4888.888888 6052.777777 6458.333333 5316.666666 4326.388888 3287.500000 4904.166666 23040.277780 39286.111110 37983.333330 46511.111110 40013.888890 37477.777780 42668.055560 29327.777780 4770.833333 5520.833333 6627.777777 8873.611111 9951.388888 9166.666666 10222.222220 9091.666666 9758.333333 9181.944444 8911.111111 34090.277780 63943.055560 82481.944440 72841.666670 94776.388890 51030.555560 50320.833330 64809.722220 38801.388890 49702.777780 50931.944440 21838.888890 10900.000000 8188.888888 5645.833333 4743.055555
4619.444444 4733.333333 3809.722222 6625.000000 6152.777777 6102.777777 6433.333333 7197.222222 8456.944444 4850.000000 4130.555555 3920.833333 3704.166666 4794.444444 4244.444444 4872.222222 3688.888888 4141.666666 2848.611111 15448.611110 22830.555560 42158.333330 30598.611110 39663.888890 29937.500000 28802.777780 30397.222220 15656.944440 4427.777777 8136.111111 9008.333333 6930.555555 11961.111110 10852.777780 9087.500000 8658.333333 15762.500000 41963.888890 28066.666670 46708.333330 61631.944440 68280.555560 40647.222220 66487.500000 42581.944440 53138.888890 34988.888890 38294.444440 50336.111110 69379.166670 48980.555560 13880.555560 7341.666666 4641.666666
