_readme/moea-velma-presentation_2018Feb_tutorial15_hydrology_part1/moeaPortion/5_working_example/BlueRiver_WS10_MOEA/InitialBiomass.asc
ncols 628
nrows 534
xllcorner 553072.11763088
yllcorner 4893995.080683
cellsize 30.0
nodata_value -9999.0
[rows 240 to 263 of 534, columns 108 to 161 of 628]
0.000000 0.000000 0.000000 0.000000 0.000000 0.000000 0.000000 0.000000 0.000000 0.000000 0.000000 0.000000 33308.333330 27940.277780 11666.666670 6552.777777 14879.166670 28234.722220 32676.388890 47940.277780 21741.666670 4511.111111 3687.500000 7041.666666 16686.111110 12984.722220 11025.000000 24218.055560 10777.777780 29131.944440 19048.611110 35623.611110 34545.833330 31536.111110 49169.444440 31145.833330 24579.166670 3337.500000 3222.222222 3447.222222 3194.444444 11458.333330 26261.111110 11952.777780 5058.333333 19162.500000 18981.944440 33838.888890 18775.000000 14919.444440 20780.555560 17797.222220 28538.888890 37851.388890
0.000000 0.000000 0.000000 0.000000 0.000000 0.000000 0.000000 0.000000 0.000000 0.000000 0.000000 0.000000 43287.500000 24826.388890 5363.888888 3173.611111 7712.500000 16134.722220 5098.611111 14818.055560 24769.444440 19443.055560 8958.333333 16187.500000 44876.388890 14575.000000 18494.444440 24698.611110 35830.555560 8679.166666 22298.611110 16280.555560 30520.833330 46544.444440 40427.777780 39026.388890 39884.722220 8713.888888 3418.055555 4852.777777 4465.277777 15733.333330 17125.000000 15301.388890 10062.500000 18580.555560 10294.444440 31979.166670 36997.222220 37206.944440 32241.666670 33594.444440 27395.833330 39240.277780
0.000000 0.000000 0.000000 0.000000 0.000000 0.000000 0.000000 0.000000 0.000000 0.000000 0.000000 0.000000 37304.166670 28886.111110 18433.333330 18520.833330 10638.888890 21833.333330 19097.222220 36945.833330 31518.055560 31655.555560 23351.388890 12484.722220 25345.833330 22661.111110 12004.166670 13337.500000 28627.777780 26719.444440 15176.388890 25669.444440 51950.000000 35162.500000 48276.388890 27405.555560 26131.944440 8838.888888 3761.111111 5815.277777 10006.944440 21363.888890 26375.000000 43034.722220 35063.888890 27526.388890 26855.555560 4441.666666 15695.833330 23872.222220 37073.611110 41123.611110 30438.888890 15770.833330
0.000000 0.000000 0.000000 0.000000 0.000000 0.000000 0.000000 0.000000 0.000000 0.000000 0.000000 0.000000 18363.888890 19968.055560 23118.055560 19620.833330 10458.333330 11369.444440 13287.500000 21906.944440 23845.833330 27159.722220 29181.944440 12708.333330 47537.500000 26613.888890 21409.722220 11451.388890 18948.611110 46370.833330 41741.666670 41443.055560 36529.166670 37995.833330 55420.833330 38258.333330 18845.833330 8201.388888 3718.055555 15734.722220 19419.444440 17181.944440 46475.000000 50012.500000 49415.277780 29156.944440 18484.722220 3662.500000 6361.111111 12308.333330 13084.722220 20769.444440 36518.055560 13756.944440
0.000000 0.000000 0.000000 0.000000 0.000000 0.000000 0.000000 0.000000 0.000000 0.000000 0.000000 25886.000000 24325.000000 26945.833330 23919.444440 17338.888890 23001.388890 31341.666670 14890.277780 22073.611110 15476.388890 18136.111110 13925.000000 31616.666670 48372.222220 19440.277780 25123.611110 20147.222220 4929.166666 27068.055560 23037.500000 23620.833330 20730.555560 36531.944440 40488.888890 27963.888890 33337.500000 17926.388890 11616.666670 25806.944440 15183.333330 19433.333330 35172.222220 38506.944440 42590.277780 34393.055560 6469.444444 2240.277777 2312.500000 5834.722222 8493.055555 3876.388888 4315.277777 3576.388888
19338.888890 19436.764710 14205.769230 0.000000 0.000000 0.000000 0.000000 0.000000 0.000000 0.000000 19850.000000 24034.722220 20570.833330 22701.388890 16587.500000 26205.555560 30491.666670 33993.055560 23202.777780 5113.888888 12333.333330 16206.944440 13494.444440 18356.944440 19037.500000 14336.111110 11390.277780 13845.833330 4341.666666 18841.666670 37994.444440 42204.166670 49565.277780 55343.055560 29297.222220 19906.944440 23565.277780 31533.333330 32611.111110 29183.333330 15334.722220 30027.777780 25684.722220 32387.500000 31654.166670 14826.388890 3015.277777 2804.166666 3184.722222 3243.055555 2809.722222 2679.166666 3948.611111 4365.277777
11475.000000 10733.333330 3406.944444 4130.555555 7027.777777 10423.611110 15625.925930 22204.166670 23767.857140 27890.277780 21926.388890 16305.555560 6506.944444 18943.055560 10218.055560 47562.500000 54065.277780 30586.111110 38797.222220 31825.000000 33556.944440 13327.777780 16708.333330 19050.000000 19716.666670 14012.500000 20726.388890 19173.611110 20083.333330 30016.666670 33398.611110 36570.833330 35101.388890 23526.388890 19798.611110 23195.833330 40675.000000 44125.000000 38925.000000 37761.111110 32994.444440 31961.111110 22680.555560 28475.000000 32761.111110 21679.166670 2302.777777 2629.166666 3283.333333 3743.055555 3731.944444 3105.555555 2627.777777 4018.055555
4436.111111 5808.333333 2879.166666 2515.277777 4009.722222 6004.166666 10559.722220 10933.333330 20859.722220 25826.388890 15887.500000 21173.611110 14541.666670 11963.888890 30266.666670 53486.111110 53859.722220 30834.722220 26861.111110 34258.333330 38347.222220 32108.333330 10812.500000 14227.777780 11834.722220 19758.333330 17381.944440 14893.055560 17630.555560 30813.888890 35791.666670 26397.222220 25395.833330 16186.111110 21245.833330 23351.388890 33291.666670 25300.000000 23986.111110 37505.555560 29263.888890 32776.388890 31186.111110 25734.722220 24550.000000 24931.944440 2544.444444 2598.611111 2891.666666 4075.000000 3975.000000 3669.444444 4159.722222 5154.166666
2279.166666 3262.500000 7318.055555 4015.277777 4583.333333 6709.722222 21233.333330 20572.222220 22102.777780 28015.277780 47265.277780 40352.777780 41813.888890 44640.277780 16945.833330 59095.833330 55811.111110 40669.444440 25848.611110 24833.333330 39311.111110 38519.444440 21343.055560 4094.444444 11931.944440 18638.888890 13570.833330 15097.222220 12469.444440 22033.333330 21766.666670 17620.833330 25137.500000 16391.666670 27459.722220 20861.111110 22505.555560 36716.666670 32681.944440 32458.333330 39426.388890 43690.277780 35738.888890 36661.111110 25359.722220 8641.666666 2537.500000 2381.944444 3138.888888 3830.555555 4069.444444 4408.333333 3945.833333 9413.888888
2788.888888 4763.888888 13079.166670 15193.055560 6177.777777 24186.111110 34856.944440 37258.333330 41777.777780 39831.944440 46898.611110 67962.500000 62456.944440 56472.222220 28866.666670 79426.388890 68391.666670 35363.888890 22223.611110 33380.555560 42829.166670 45075.000000 24376.388890 8068.055555 11079.166670 11011.111110 3776.388888 4281.944444 20737.500000 29550.000000 18941.666670 17788.888890 22702.777780 19015.277780 20845.833330 25165.277780 10588.888890 37750.000000 60643.055560 48916.666670 39445.833330 44858.333330 25359.722220 50773.611110 29305.555560 3466.666666 2906.944444 3137.500000 3476.388888 3372.222222 4075.000000 20344.444440 22302.777780 33154.166670
11994.444440 16281.944440 20848.611110 21158.333330 33520.833330 28470.833330 40109.722220 55831.944440 61044.444440 59395.833330 41448.611110 71448.611110 78508.333330 73152.777780 55887.500000 77527.777780 70358.333330 43751.388890 33894.444440 37141.666670 45802.777780 32425.000000 24913.888890 16798.611110 15445.833330 16968.055560 11956.944440 8291.666666 12155.555560 16123.611110 12016.666670 17569.444440 16722.222220 20243.055560 14634.722220 25231.944440 36226.388890 19683.333330 22706.944440 19119.444440 38904.166670 26468.055560 49686.111110 37630.555560 11797.222220 2750.000000 2708.333333 3529.166666 3462.500000 12040.277780 39925.000000 36005.555560 29598.611110 33968.055560
40177.777780 39451.388890 48591.666670 47422.222220 53158.333330 75222.222220 65179.166670 62976.388890 57912.500000 73931.944440 77115.277780 71636.111110 73206.944440 81901.388890 70825.000000 68631.944440 56463.888890 42008.333330 23690.277780 42129.166670 25901.388890 36070.833330 21312.500000 28179.166670 26250.000000 15061.111110 33420.833330 27905.555560 30806.944440 22175.000000 20006.944440 31502.777780 18173.611110 11320.833330 16780.555560 27512.500000 22544.444440 16734.722220 19122.222220 13213.888890 16765.277780 15211.111110 43529.166670 34609.722220 9101.388888 7220.833333 4311.111111 6683.333333 27281.944440 46037.500000 17259.722220 30123.611110 18912.500000 11169.444440
94530.555560 67504.166670 65340.277780 67884.722220 93511.111110 80084.722220 69718.055560 81573.611110 76162.500000 60077.777780 59404.166670 57309.722220 88423.611110 53070.833330 64134.722220 57319.444440 67943.055560 53395.833330 64495.833330 65080.555560 42376.388890 43259.722220 24419.444440 33748.611110 49747.222220 54547.222220 56284.722220 51256.944440 51261.111110 51429.166670 52484.722220 55037.500000 41558.333330 15034.722220 24298.611110 31337.500000 23330.555560 28395.833330 12558.333330 3672.222222 10554.166670 13480.555560 19822.222220 14454.166670 2304.166666 17452.777780 78437.500000 74450.000000 48122.222220 41527.777780 29540.277780 38626.388890 22558.333330 14370.833330
85395.833330 65495.833330 71223.611110 68009.722220 54395.833330 84529.166670 83719.444440 73306.944440 75956.944440 57722.222220 62358.333330 95100.000000 84375.000000 87097.222220 67030.555560 83176.388890 61395.833330 33591.666670 57980.555560 40879.166670 35972.222220 44088.888890 34636.111110 28012.500000 46654.166670 60637.500000 55181.944440 52191.666670 60805.555560 64691.666670 68605.555560 59876.388890 46009.722220 39169.444440 38576.388890 43300.000000 39787.500000 45434.722220 38805.555560 12281.944440 2493.055555 6400.000000 5281.944444 2101.388888 2430.555555 16819.444440 82126.388890 84372.222220 78043.055560 94075.000000 53269.444440 34500.000000 31748.611110 31637.500000
62577.777780 74968.055560 66755.555560 69801.388890 61663.888890 78702.777780 76009.722220 62923.611110 63559.722220 55488.888890 71340.277780 67819.444440 82390.277780 88145.833330 103177.777800 76441.666670 78209.722220 59566.666670 51018.055560 49043.055560 32755.555560 23590.277780 35023.611110 29545.833330 41231.944440 61113.888890 68141.666670 66643.055560 61887.500000 56697.222220 58995.833330 60300.000000 43912.500000 39654.166670 29547.222220 34612.500000 37368.055560 69513.888890 57630.555560 35179.166670 7601.388888 2055.555555 2051.388888 3612.500000 2531.944444 17972.222220 75025.000000 73481.944440 74829.166670 70816.666670 93065.277780 84745.833330 38719.444440 32462.500000
53166.666670 54940.277780 48254.166670 60213.888890 73006.944440 75916.666670 66094.444440 52636.111110 48756.944440 38208.333330 38093.055560 60397.222220 84994.444440 83190.277780 96277.777780 32729.166670 49827.777780 51562.500000 24300.000000 37016.666670 49618.055560 45338.888890 44448.611110 48333.333330 68829.166670 75241.666670 69513.888890 84162.500000 68897.222220 70163.888890 73533.333330 49173.611110 21275.000000 15043.055560 23941.666670 22129.166670 46565.277780 80213.888890 89529.166670 85888.888890 47966.666670 6397.222222 2075.000000 9455.555555 2759.722222 6397.222222 38047.222220 71373.611110 59112.500000 57072.222220 86652.777780 59484.722220 55947.222220 23015.277780
47356.944440 46747.222220 39951.388890 46298.611110 54529.166670 58356.944440 66423.611110 42411.111110 42776.388890 26943.055560 33813.888890 27234.722220 36113.888890 70691.666670 53304.166670 93101.388890 83262.500000 74331.944440 20855.555560 30652.777780 57770.833330 62826.388890 61295.833330 59227.777780 72030.555560 73070.833330 75120.833330 77436.111110 79584.722220 74018.055560 79352.777780 47329.166670 54533.333330 18223.611110 11173.611110 22488.888890 50519.444440 42226.388890 82244.444440 95401.388890 58629.166670 31565.277780 5593.055555 4477.777777 2979.166666 14809.722220 52047.222220 75436.111110 71906.944440 84030.555560 68875.000000 67455.555560 58418.055560 14608.333330
84140.277780 75636.111110 62169.444440 55656.944440 57762.500000 52052.777780 33056.944440 24737.500000 25876.388890 19654.166670 14034.722220 16481.944440 14615.277780 18306.944440 61408.333330 115579.166700 105108.333300 102850.000000 105108.333300 65311.111110 48977.777780 77834.722220 74762.500000 67931.944440 71823.611110 67122.222220 70277.777780 69045.833330 76287.500000 91044.444440 49187.500000 62795.833330 52237.500000 66870.833330 30945.833330 21420.833330 27411.111110 19081.944440 59790.000000 82893.055560 32047.222220 63740.277780 50001.388890 11965.277780 4280.555555 43284.722220 67266.666670 69915.277780 69901.388890 71276.388890 61568.055560 68690.277780 53256.944440 10852.777780
106618.055600 90022.222220 69004.166670 72262.500000 40136.111110 75950.000000 61998.611110 26358.333330 43430.555560 40870.833330 41745.833330 35030.555560 40340.277780 45018.055560 68659.722220 84448.611110 137950.000000 100733.333300 66234.722220 80244.444440 75870.833330 76020.833330 83302.777780 98755.555560 94225.000000 79163.888890 88308.333330 78393.055560 73087.500000 87537.500000 55143.055560 63936.111110 57154.166670 73706.944440 58809.722220 50322.222220 55366.666670 33904.166670 34418.055560 82152.777780 76575.714290 83633.333330 82763.888890 56895.833330 67075.000000 59765.277780 59908.333330 87412.500000 84094.444440 47355.555560 66297.222220 68791.666670 51811.111110 20737.500000
84091.666670 85611.111110 88679.166670 94169.444440 62033.333330 67847.222220 74519.444440 15098.611110 65075.000000 70306.944440 57544.444440 68530.555560 64722.222220 65529.166670 56573.611110 75379.166670 119027.777800 91356.944440 70502.777780 65504.166670 72331.944440 79550.000000 88523.611110 82075.000000 94091.666670 89029.166670 78651.388890 77140.277780 72526.388890 63601.388890 66950.000000 67275.000000 96688.888890 57943.055560 49002.777780 43058.333330 38219.444440 35388.888890 29334.285710 47645.454550 56045.833330 69965.277780 63502.777780 65938.888890 66498.611110 65820.833330 76104.166670 75275.000000 43068.055560 55398.611110 75700.000000 47948.611110 49787.500000 4048.611111
76977.777780 98584.722220 90841.666670 61568.055560 31280.555560 31775.000000 42626.388890 17623.611110 44972.222220 26856.944440 10372.222220 31718.055560 62250.000000 73437.500000 89405.555560 83729.166670 86958.333330 107630.555600 70045.833330 66169.444440 75722.222220 73887.500000 82037.500000 90394.444440 78676.388890 101365.277800 59327.777780 75026.388890 61295.833330 77830.555560 82776.388890 32908.333330 69008.333330 84540.277780 62850.000000 47926.388890 21463.888890 32436.111110 32375.714290 66557.142860 52858.333330 79231.944440 85695.833330 65394.444440 58690.277780 48158.333330 22841.666670 45170.833330 83756.944440 59836.111110 58686.111110 51288.888890 15112.500000 5406.944444
67281.944440 62137.500000 85516.666670 81663.888890 16645.833330 26876.388890 35398.611110 17875.000000 24075.000000 34479.166670 45868.055560 16087.500000 45122.222220 70138.888890 71098.611110 70250.000000 82218.055560 63958.333330 63855.555560 62284.722220 67804.166670 76393.055560 79387.500000 98611.111110 83895.833330 62640.277780 59972.222220 53116.666670 78261.111110 88304.166670 82562.500000 56927.777780 70163.888890 90826.388890 51466.666670 52384.722220 43360.000000 57525.714290 63886.111110 72861.111110 85187.500000 93433.333330 83381.944440 59500.000000 31870.833330 47279.166670 43470.833330 56920.833330 41890.277780 38579.166670 31955.555560 24504.166670 40376.388890 8875.000000
79172.222220 68826.388890 48881.944440 33775.000000 50619.444440 31270.833330 28037.500000 30036.111110 37252.777780 9984.722222 16943.055560 17487.500000 7780.555555 8668.055555 36477.777780 45883.333330 22012.500000 3987.500000 10843.055560 45665.277780 60565.277780 89476.388890 80548.611110 58736.111110 62072.222220 48306.944440 36908.333330 37070.833330 50397.222220 57345.833330 69394.444440 25651.388890 94622.222220 84618.571430 80622.222220 64773.333330 45400.000000 39577.777780 56222.222220 80400.000000 96879.166670 96391.666670 66355.555560 64305.555560 68654.166670 53531.944440 55376.388890 68041.666670 77431.944440 36605.555560 64841.666670 89266.666670 58976.388890 33322.222220
81022.222220 64893.055560 61404.166670 57462.500000 22762.500000 12161.111110 16890.277780 32072.222220 30206.944440 11169.444440 12501.388890 16784.722220 4843.055555 3400.000000 2765.277777 11218.055560 5563.888888 3368.055555 4747.222222 7530.555555 21483.333330 34212.500000 48990.277780 75661.111110 79263.888890 65226.388890 51870.833330 62309.722220 61780.555560 49758.333330 48331.944440 54234.722220 81862.500000 48887.500000 74248.611110 38802.777780 41497.222220 33030.555560 41580.555560 54137.500000 102468.055600 86948.611110 59908.333330 61980.555560 71591.666670 80536.111110 53427.777780 59947.222220 80276.388890 43280.555560 62098.611110 50137.500000 31656.944440 38559.722220
