_readme/moea-velma-presentation_2018Feb_tutorial15_hydrology_part1/moeaPortion/5_working_example/longfellow_10m_moea_server/longfellow_Dredge_EEX_FLAT_10m.asc
ncols 309
nrows 699
xllcorner 546056.917
yllcorner 5262573.334
cellsize 10.0
nodata_value -9999.0
[rows 532 to 559 of 699, columns 63 to 125 of 309]
129.2188 126.9506 125.4755 124.674 123.7486 122.8734 121.9921 121.247 120.6357 120.298 119.9488 119.5846 119.2476 119.0146 118.9814 119.0517 119.2505 119.5746 120.0388 120.6214 121.3427 122.0822 122.8266 123.5139 124.2427 124.8661 125.5077 126.3388 126.6853 126.9311 127.0661 127.1503 127.2167 127.2877 127.2991 127.2512 127.1216 126.826 126.4966 126.0969 125.5905 125.0165 124.3833 123.7645 123.2537 122.8609 122.5417 122.1542 121.7157 121.2373 120.8071 120.4269 120.1277 119.8386 119.6253 119.5919 119.3894 119.2743 119.277 119.2618 119.1709 119.0305 118.8943
129.5033 127.2311 125.6632 124.757 123.8231 122.908 122.0521 121.3244 120.6569 120.182 119.8492 119.5429 119.1775 118.8898 118.7407 118.7962 118.9705 119.3213 119.8866 120.5181 121.2355 121.9289 122.6264 123.2459 123.8987 124.4559 125.1229 125.9853 126.3832 126.6521 126.7743 126.8539 126.8855 126.9009 126.9421 126.9993 126.9392 126.672 126.3545 125.9929 125.4977 124.8443 124.1991 123.5701 123.0899 122.7181 122.3779 122.0235 121.6609 121.2119 120.8204 120.4294 120.0768 119.7199 119.4557 119.4187 119.2284 119.1045 118.9864 118.9036 118.8164 118.661 118.4964
129.6017 127.4959 125.8477 124.8579 123.8896 122.9599 122.1067 121.3532 120.6659 120.1259 119.6942 119.3058 118.9601 118.6718 118.4626 118.538 118.7372 119.0994 119.6698 120.3623 121.0758 121.7523 122.4105 122.9253 123.497 124.0364 124.6937 125.6265 126.0266 126.2742 126.4095 126.519 126.525 126.5147 126.539 126.5909 126.5338 126.387 126.1001 125.727 125.2322 124.5847 123.8817 123.254 122.8086 122.4643 122.1594 121.8251 121.5243 121.1565 120.7085 120.2947 119.9049 119.5074 119.2648 119.2296 119.0335 118.8304 118.6637 118.6002 118.5569 118.4032 118.1919
129.7507 127.6602 125.9236 124.9022 123.906 123.0101 122.1767 121.3677 120.6538 120.0947 119.6043 119.06 118.5732 118.301 118.1203 118.171 118.385 118.8335 119.4598 120.135 120.8611 121.5321 122.1899 122.6612 123.1292 123.6293 124.2548 125.2127 125.6446 125.9309 126.0687 126.1681 126.1743 126.1626 126.1804 126.1985 126.1246 125.95 125.6584 125.2079 124.7602 124.1346 123.3629 122.8696 122.5112 122.1622 121.8548 121.5791 121.3339 120.9511 120.5389 120.0865 119.6583 119.2481 118.9581 118.9161 118.716 118.5742 118.4526 118.3579 118.2894 118.1798 118.0139
129.818 127.6903 125.9107 124.8939 123.9307 123.0403 122.1927 121.4379 120.6226 119.92 119.3249 118.7211 118.0997 117.7266 117.5629 117.6214 117.851 118.3592 119.0746 119.7815 120.5384 121.1914 121.7775 122.2318 122.692 123.1476 123.7655 124.7733 125.2062 125.5093 125.6272 125.6863 125.7337 125.7561 125.7411 125.6561 125.5615 125.3722 125.0596 124.5768 124.0707 123.4211 122.8164 122.4521 122.0999 121.8088 121.5605 121.2827 120.9879 120.5621 120.1383 119.7067 119.2284 118.7455 118.3966 118.3916 118.3056 118.2469 118.1831 118.0788 117.9826 117.8756 117.7614
129.8892 127.6734 125.9417 124.8849 123.9399 123.0579 122.2265 121.5011 120.6409 119.8227 119.048 118.2904 117.5714 117.2089 117.0984 117.1807 117.4304 117.909 118.615 119.3009 120.0443 120.6636 121.2231 121.6957 122.1931 122.5811 123.232 124.2288 124.6811 125.0224 125.1372 125.2052 125.2553 125.2604 125.1991 125.0934 124.9727 124.7839 124.4416 123.8946 123.2957 122.7441 122.3419 121.9959 121.6843 121.4277 121.195 120.8397 120.4872 120.05 119.566 119.0483 118.5276 118.0877 117.8844 117.8933 117.8864 117.8921 117.8774 117.773 117.6726 117.6084 117.5281
129.9056 127.6652 125.928 124.893 123.9624 123.1321 122.3114 121.5234 120.6601 119.8111 118.9008 118.0389 117.2389 116.7715 116.6387 116.6951 116.9123 117.3952 118.0994 118.8242 119.4683 120.0016 120.5279 121.0689 121.5564 121.9932 122.664 123.5998 123.9792 124.3651 124.6277 124.8217 124.8997 124.8502 124.7312 124.5771 124.3612 124.1025 123.7871 123.2133 122.5831 122.0778 121.665 121.3633 121.1884 120.9645 120.6527 120.226 119.7881 119.3162 118.7846 118.2661 117.7668 117.3929 117.3191 117.3342 117.3948 117.5256 117.6041 117.5327 117.3968 117.2894 117.199
129.9416 127.7047 125.9038 124.9232 124.0811 123.2994 122.4361 121.5603 120.6665 119.7638 118.8426 117.9803 117.1021 116.4354 116.1346 116.1818 116.3815 116.8801 117.6161 118.2658 118.854 119.3498 119.8844 120.4631 120.9753 121.4563 122.1043 122.975 123.3349 123.857 124.2342 124.4662 124.5411 124.498 124.3999 124.1386 123.7146 123.3324 123.0429 122.5916 122.1012 121.5687 121.0213 120.757 120.5991 120.353 120.0026 119.5661 119.0973 118.5363 117.9542 117.4705 117.0825 116.8269 116.7799 116.8081 116.9617 117.2025 117.3367 117.2887 117.1663 116.9988 116.867
129.9987 127.7543 125.8644 124.9771 124.3836 123.6375 122.6118 121.6434 120.6907 119.7653 118.7806 117.9026 117.0785 116.3075 115.8125 115.7872 116.0476 116.4937 117.1052 117.6144 118.1682 118.7203 119.2843 119.8497 120.4408 120.9323 121.545 122.4131 122.7429 123.2924 123.757 124.0403 124.124 124.1323 124.0514 123.6846 123.0892 122.5898 122.2229 121.9253 121.6541 121.1903 120.6028 120.2001 119.9684 119.6727 119.2709 118.7815 118.2918 117.7976 117.223 116.6482 116.3517 116.2828 116.2638 116.3007 116.5348 116.8358 116.9829 116.9998 116.9113 116.712 116.5247
130.3049 127.9884 126.0362 125.3508 125.0294 124.2095 122.8988 121.7607 120.7253 119.8002 118.7207 117.8146 117.0486 116.2553 115.7168 115.6806 115.9681 116.384 116.8619 117.2478 117.6722 118.1581 118.7296 119.3264 119.9167 120.3757 121.0122 121.9032 122.2017 122.6754 123.1659 123.5184 123.6919 123.7326 123.6589 123.33 122.7644 122.0832 121.5375 121.299 121.1506 120.7839 120.2598 119.7101 119.3541 118.9988 118.5059 117.9888 117.5833 117.1095 116.5249 116.0634 115.8493 115.8286 115.9148 115.9573 116.1898 116.4505 116.6463 116.7503 116.713 116.4944 116.2577
130.6808 128.6774 126.9027 126.3679 125.9125 124.8145 123.2294 121.907 120.7407 119.8022 118.6808 117.5592 116.6955 116.091 115.63 115.5846 115.8859 116.2981 116.7109 117.0458 117.344 117.6919 118.2132 118.7884 119.3304 119.8293 120.5232 121.4314 121.7463 122.1369 122.5695 122.9629 123.2339 123.3317 123.3113 123.0334 122.4967 121.782 121.1093 120.7497 120.5722 120.2622 119.7957 119.1997 118.6933 118.2463 117.7072 117.2411 116.901 116.4787 116.0524 115.7714 115.5603 115.4985 115.6163 115.6572 115.8651 116.0975 116.3137 116.4655 116.467 116.3006 116.0179
130.9819 129.5464 128.1482 127.3175 126.5044 125.2552 123.6528 122.1797 121.0251 120.0562 118.7937 117.2903 116.1542 115.756 115.4996 115.4854 115.8145 116.1663 116.4953 116.8009 117.0574 117.3178 117.7808 118.3238 118.8769 119.3929 120.119 121.041 121.4254 121.781 122.0838 122.4373 122.7832 123.0158 123.0191 122.7377 122.2443 121.6219 120.9761 120.4673 120.1926 119.8457 119.3349 118.6641 117.9363 117.3836 116.9967 116.6048 116.3127 115.9921 115.7624 115.544 115.326 115.2527 115.316 115.3463 115.537 115.7458 115.9188 116.1049 116.1598 116.0567 115.7758
131.1374 130.1333 128.9485 127.8897 126.768 125.5276 124.036 122.6156 121.5929 120.6009 119.039 117.2619 116.0347 115.6499 115.426 115.3675 115.6507 115.9212 116.1819 116.4772 116.7364 116.8998 117.2803 117.8288 118.3958 118.9859 119.6952 120.6242 121.0788 121.5033 121.803 122.0838 122.4534 122.8044 122.7865 122.4606 121.9855 121.5107 121.0042 120.4224 119.9397 119.4881 118.8961 118.0604 117.2326 116.5834 116.255 115.9735 115.7557 115.5966 115.4586 115.2495 115.0805 114.9975 114.9894 115.0127 115.1756 115.3723 115.5047 115.6764 115.7471 115.6637 115.4569
131.2233 130.3123 129.1806 128.0948 126.9134 125.7031 124.3655 123.1231 122.0603 120.9939 119.3659 117.7587 116.6196 115.9686 115.462 115.1536 115.2772 115.5424 115.8125 116.097 116.2942 116.4112 116.7873 117.3814 117.9641 118.5407 119.2873 120.2678 120.7846 121.2443 121.518 121.8079 122.2387 122.5481 122.5305 122.3219 121.9561 121.4945 121.0014 120.4087 119.8222 119.2409 118.5397 117.6117 116.759 116.1128 115.8185 115.5768 115.4061 115.256 115.1119 114.9436 114.7984 114.7328 114.7095 114.73 114.8219 114.9637 115.1485 115.2923 115.3316 115.2276 115.0721
131.3053 130.3955 129.312 128.236 127.0237 125.8368 124.5819 123.4211 122.2336 121.0859 119.6177 118.2151 117.0892 116.2237 115.4266 114.8625 114.8404 115.0302 115.2864 115.5509 115.6919 115.8287 116.2017 116.8258 117.4647 118.0438 118.8507 119.8743 120.4595 120.9205 121.218 121.7103 122.1306 122.2954 122.3252 122.2152 121.9596 121.4978 121.0172 120.4538 119.8213 119.0803 118.2699 117.3892 116.6427 116.0597 115.6897 115.3495 115.1158 114.9416 114.7493 114.6134 114.54 114.4886 114.4625 114.4694 114.5076 114.6239 114.7849 114.8083 114.8019 114.7861 114.6577
131.3809 130.506 129.4377 128.3367 127.1205 125.9403 124.7196 123.5352 122.3281 121.0811 119.6877 118.3716 117.1804 116.2741 115.5003 114.9899 114.8394 114.8415 114.8264 114.8959 115.0821 115.2721 115.6587 116.2681 116.952 117.6023 118.4346 119.4817 120.0603 120.6134 121.1423 121.7412 122.0687 122.1481 122.1936 122.1483 121.9653 121.5073 121.0698 120.5104 119.8168 119.0023 118.1515 117.3908 116.7442 116.1602 115.7133 115.3075 114.9569 114.707 114.5087 114.3478 114.2917 114.2681 114.261 114.2423 114.2029 114.2762 114.3661 114.3287 114.3057 114.3387 114.2147
131.4147 130.639 129.604 128.5193 127.208 126.014 124.8144 123.6156 122.3481 121.0632 119.6757 118.3665 117.1575 116.2029 115.4859 114.9905 114.4368 114.1284 114.0721 114.149 114.3379 114.5969 115.0576 115.7245 116.4175 117.152 118.0211 119.0529 119.5731 120.2966 121.0475 121.666 121.8874 121.9298 122.0159 122.0622 121.9219 121.5171 121.1049 120.5068 119.7772 118.9718 118.2443 117.5802 116.898 116.2602 115.7681 115.3076 114.9152 114.6001 114.4168 114.1625 113.9902 113.9684 113.9495 113.9238 113.8259 113.8735 113.9107 113.8419 113.837 113.8554 113.799
131.4677 130.7912 129.8904 128.743 127.3647 126.1359 124.9776 123.7301 122.34 121.0259 119.7154 118.4479 117.2045 116.0462 115.1447 114.3968 113.5082 113.0343 113.073 113.2418 113.3864 113.7328 114.4087 115.2142 115.935 116.6869 117.6128 118.7098 119.2781 120.0892 120.9122 121.4703 121.6335 121.6415 121.6826 121.8328 121.7892 121.5219 121.1062 120.4966 119.8116 119.112 118.4183 117.737 117.0567 116.4063 115.8414 115.3225 114.9667 114.5982 114.3111 113.93 113.6326 113.49 113.4084 113.4001 113.3662 113.425 113.434 113.3773 113.3797 113.3642 113.3882
131.7303 131.2356 130.4117 129.0762 127.6822 126.4627 125.2406 124.0046 122.4476 121.0435 120.0244 119.1803 117.6069 115.9282 114.7451 113.7315 112.8526 112.3942 112.3127 112.4098 112.5745 113.0034 113.8307 114.682 115.5411 116.3091 117.2422 118.3966 119.0956 119.9927 120.7958 121.2506 121.3853 121.4127 121.3992 121.5016 121.5466 121.3555 121.0116 120.4375 119.7878 119.1517 118.5021 117.7762 117.1629 116.5418 115.9281 115.3832 115.0074 114.4883 113.9665 113.4853 113.1691 113.0158 112.8661 112.8728 112.9191 112.9592 112.9237 112.9183 112.924 112.9579 113.0596
132.0701 131.5568 130.7117 129.3883 128.0175 126.8377 125.6479 124.4597 122.9033 121.609 121.1962 120.8689 118.7717 116.315 114.7473 113.5703 112.4111 111.7498 111.555 111.6119 111.9644 112.6271 113.4525 114.2004 115.1565 115.9922 116.8801 118.1044 118.8835 119.7168 120.4307 120.8427 121.0103 121.0799 121.1123 121.1476 121.1718 121.0387 120.7396 120.2436 119.6741 119.0476 118.3978 117.7829 117.2046 116.5841 115.9765 115.42 114.8937 114.2058 113.5165 112.9491 112.5967 112.4647 112.3607 112.3644 112.3796 112.3818 112.3847 112.4349 112.508 112.6494 112.8118
132.1399 131.6446 130.8302 129.6763 128.3383 127.1435 125.9956 124.8618 123.5883 122.6232 122.2817 121.8303 119.7177 116.9729 114.9626 113.7275 112.3471 111.3649 111.0601 111.2086 111.776 112.4377 113.0697 113.7906 114.7247 115.6309 116.5342 117.8154 118.6067 119.4031 119.9797 120.3526 120.5447 120.6738 120.7319 120.7754 120.74 120.6196 120.3218 119.919 119.4803 118.8946 118.2771 117.8032 117.2552 116.5892 115.9929 115.3893 114.772 113.9222 113.0396 112.3671 112.0343 111.9569 111.9377 111.9379 111.9121 111.8579 111.8746 111.9532 112.0823 112.3364 112.5952
131.9617 131.5153 130.7139 129.7279 128.5464 127.3712 126.2575 125.2205 124.2616 123.4507 122.8278 122.0956 120.3301 117.5772 115.3135 113.967 112.5573 111.3444 111.0591 111.0727 111.6361 112.1805 112.7009 113.4049 114.3484 115.2324 116.1691 117.5108 118.229 119.0158 119.4999 119.8223 120.0402 120.2085 120.2443 120.2379 120.2172 120.1252 119.8691 119.481 119.075 118.5561 118.0618 117.7076 117.241 116.5945 115.9744 115.3139 114.6559 113.6754 112.619 111.8215 111.4944 111.4483 111.4717 111.4712 111.4535 111.4214 111.4404 111.5065 111.6419 112.0062 112.3266
131.718 131.2513 130.5709 129.6337 128.5625 127.4789 126.3872 125.4654 124.5836 123.8173 122.9888 122.1323 120.6288 118.0742 115.659 114.109 112.6377 111.4645 111.0581 111.0581 111.4687 111.8772 112.3273 113.0601 114.0319 114.8593 115.8006 117.1158 117.7425 118.396 118.9361 119.4102 119.6133 119.7314 119.7739 119.7548 119.7158 119.5762 119.3367 118.8815 118.4912 118.1347 117.7458 117.434 117.0551 116.5281 115.9066 115.1065 114.2721 113.2257 112.2498 111.4335 111.0557 111.0237 111.036 111.0373 111.0589 111.0947 111.0841 111.1015 111.2846 111.6899 112.0467
131.5925 130.9836 130.3296 129.5612 128.5492 127.5211 126.4972 125.564 124.6857 123.9098 123.0374 122.1626 120.7974 118.3878 115.8614 114.179 112.685 111.5102 111.05709999999999 111.05709999999999 111.3027 111.5744 112.0097 112.7573 113.717 114.5174 115.4181 116.6472 117.2944 117.9423 118.4953 118.9431 119.1662 119.2716 119.28 119.1894 119.0846 118.9739 118.7027 118.2315 117.9419 117.6106 117.3248 117.0803 116.778 116.4021 115.8033 114.8723 113.7933 112.8165 111.9791 111.2425 110.863 110.727 110.6813 110.6842 110.7333 110.8021 110.7923 110.8452 111.0113 111.316 111.7538
131.5197 130.9216 130.131 129.4113 128.5052 127.5579 126.5926 125.6409 124.7892 123.9913 123.1094 122.2081 120.8173 118.5648 115.9204 114.142 112.5501 111.4426 111.0561 111.0561 111.2214 111.4335 111.9126 112.6018 113.4548 114.219 115.0803 116.2664 116.9029 117.5303 118.0307 118.3825 118.6 118.7874 118.8587 118.6711 118.463 118.3585 118.1298 117.7666 117.484 117.0815 116.7974 116.6394 116.435 116.1324 115.5156 114.5724 113.5706 112.5938 111.7662 111.0855 110.7788 110.5753 110.4523 110.4572 110.4763 110.4978 110.5109 110.6288 110.8808 111.1982 111.514
131.2937 130.7623 130.0067 129.2938 128.4118 127.4845 126.5298 125.6422 124.7847 123.9357 123.0052 122.118 120.807 118.4635 115.8288 113.9469 112.312 111.4619 111.1553 111.0551 111.2298 111.4587 111.8604 112.447 113.191 113.9309 114.7452 115.8851 116.4302 117.0411 117.5109 117.7728 118.0068 118.28 118.3226 118.182 117.9673 117.7568 117.5232 117.2296 116.9826 116.6131 116.2553 116.1292 115.9537 115.6375 115.0483 114.1375 113.2245 112.3202 111.5665 111.02 110.734 110.4535 110.2611 110.2641 110.257 110.2566 110.2862 110.4277 110.7433 111.1005 111.3097
130.7525 130.291 129.7431 129.0356 128.1752 127.3549 126.4982 125.6695 124.7234 123.8214 122.9001 121.9888 120.6138 118.2917 115.7126 113.689 112.0681 111.4031 111.2356 111.0452 111.1002 111.3194 111.7037 112.2646 112.949 113.6694 114.4703 115.5297 116.0298 116.6095 117.0034 117.2796 117.6067 117.8546 117.8674 117.7296 117.5828 117.3458 117.0063 116.6952 116.5174 116.2473 115.8466 115.5548 115.3703 115.0163 114.4443 113.6321 112.8199 112.022 111.358 110.9163 110.6648 110.3781 110.167 110.1437 110.055 110.0541 110.0882 110.2508 110.6002 110.9521 111.1476
129.932 129.5355 129.1101 128.5599 127.8774 127.2162 126.473 125.6051 124.5223 123.5142 122.6522 121.8728 120.3642 117.9943 115.4778 113.368 111.9081 111.3946 111.2167 111.02690000000001 111.02690000000001 111.02690000000001 111.4137 112.0078 112.7245 113.4028 114.1998 115.198 115.6867 116.1604 116.5584 117.0062 117.2582 117.3482 117.2834 117.2645 117.1176 116.902 116.5444 116.1748 116.0615 115.88 115.5575 115.1419 114.8289 114.4303 113.7733 113.0692 112.4118 111.7058 111.1167 110.7891 110.5601 110.2893 110.0942 110.0557 109.8939 109.848 109.8815 110.0369 110.318 110.6505 110.9087
