_readme/moea-velma-presentation_2018Feb_tutorial15_hydrology_part1/moeaPortion/5_working_example/longfellow_10m_moea_server/longfellow_Dredge_EEX_FLAT_10m.asc
ncols 309
nrows 699
xllcorner 546056.917
yllcorner 5262573.334
cellsize 10.0
nodata_value -9999.0
[rows 616 to 643 of 699, columns 0 to 62 of 309]
-1.0 41.12112 42.02477 42.86729 43.59771 44.3172 45.04676 45.95992 46.88494 47.72872 48.47591 49.22318 50.04853 51.08573 51.97797 52.85762 53.88157 55.14633 56.92323 59.84883 62.9601 65.73695 67.29577 68.54931 69.62378 70.40604 71.16022 72.51889 74.24898 75.85837 76.87234 77.71661 78.47511 79.3148 80.26868 81.27153 82.17722 83.0229 83.86741 84.808 85.95065 87.57451 89.40459 90.87061 91.65495 91.982 92.31188 92.35778 93.06979 94.10384 95.19825 96.19616 96.91672 97.55579 98.14132 98.61351 99.0055 99.55219 100.2595 101.0317 101.7366 102.3304 102.7842
-1.0 41.11592 41.93967 42.70145 43.33361 44.08278 44.9323 45.8778 46.73772 47.45147 48.07819 48.82188 49.7832 50.81854 51.69914 52.54129 53.46653 54.54232 55.95995 58.83832 62.18174 65.03896 66.72606 67.72855 68.61034 69.39002 70.15091 71.34505 72.98144 74.71278 75.96436 76.88257 77.58435 78.39693 79.40317 80.48479 81.51774 82.4416 83.14095 84.07886 85.29127 86.7593 88.31774 89.84972 90.74224 90.96117 91.21015 91.24484 91.98743 93.08369 94.21439 95.22847 96.03783 96.78079 97.36813 97.81061 98.21605 98.85347 99.61828 100.4833 101.2116 101.8195 102.1567
-1.0 41.09988 41.8796 42.55983 43.07052 43.75557 44.60867 45.67265 46.50159 47.10536 47.63847 48.36134 49.21548 50.11867 51.05172 52.03456 53.10091 54.22729 55.33181 57.62663 60.92926 63.70027 65.77308 66.95428 67.73375 68.44861 69.1557 70.18606 71.47116 73.09502 74.58305 75.72719 76.51238 77.36678 78.45586 79.77581 80.96565 81.75851 82.10951 83.16269 84.61472 86.03506 87.4137 88.73623 89.58537 89.91129 90.25946 90.30588 91.01811 92.14456 93.22671 94.30159 95.21372 96.02096 96.59856 97.04344 97.4365 97.95731 98.67934 99.65538 100.5262 101.2328 101.6087
-1.0 41.0036 41.80592 42.37127 42.60816 42.95097 43.81797 44.99621 45.93351 46.59883 47.02829 47.56289 48.35152 49.35604 50.39293 51.46879 52.81394 54.54018 55.87943 57.48791 59.73051 61.75795 63.97229 65.92142 66.83209 67.34076 67.71426 68.6331 69.95543 71.38848 72.76883 74.1235 75.21708 76.16991 77.35806 78.88397 80.07643 80.61145 80.95426 82.1488 83.78488 85.39145 86.66508 87.68311 88.38291 88.95893 89.54013 89.61906 90.29008 91.22228 92.19025 93.2387 94.19567 95.05315 95.68244 96.13148 96.43131 96.74254 97.45835 98.51997 99.51515 100.3028 100.8293
-1.0 40.86475 41.63931 42.02883 41.86827 41.89157 42.64527 43.90625 45.05148 45.77599 46.22755 46.70573 47.34343 48.42499 49.57124 50.7882 52.35287 54.71799 56.56183 57.74593 59.01489 60.33058 61.96984 64.13081 65.54539 66.00777 66.05607 66.83537 68.56923 70.12747 71.22066 72.53953 73.93633 75.22025 76.50795 77.90197 78.99851 79.6212 80.25914 81.35927 82.89395 84.61154 86.03271 87.01585 87.59286 88.05842 88.67049 88.75363 89.49802 90.39791 91.33553 92.28082 93.09702 93.88364 94.55383 95.03741 95.36171 95.71567 96.34341 97.29794 98.21229 99.06257 99.73732
-1.0 40.76622 41.44824 41.43702 40.99423 40.90028 41.52842 42.80377 43.94149 44.62053 45.10437 45.62255 46.17624 47.20113 48.65604 50.0368 51.73052 54.35373 56.42688 57.5738 58.45102 59.44359 60.47249 61.92533 63.47522 64.46503 64.95016 65.93966 67.5591 69.07734 70.11579 71.39632 73.03844 74.75208 76.0887 77.24658 78.13282 78.98057 79.71214 80.68284 82.00311 83.67671 85.18491 86.18068 86.72186 87.04042 87.49655 87.55665 88.37605 89.47517 90.41734 91.23575 91.97577 92.7812 93.40279 93.89289 94.28979 94.75446 95.38003 96.13226 96.84923 97.65909 98.31953
-1.0 40.45205 41.01793 40.79299 40.31376 40.29977 41.00742 42.11653 42.86645 43.39879 43.90408 44.48322 45.08742 46.08441 47.73412 49.45752 51.27196 53.87934 56.03921 57.21159 58.03838 58.96014 59.77727 60.67078 61.98356 63.47324 64.5394 65.75568 67.05462 68.3641 69.60451 70.96787 72.56201 74.31734 75.79592 76.92231 77.70686 78.56129 79.28584 80.13979 81.25526 82.69959 84.0918 85.16383 85.67609 85.86855 86.2763 86.34143 87.26763 88.54857 89.52319 90.28515 90.9664 91.72194 92.37448 92.89715 93.31717 93.81073 94.43927 95.1011 95.73147 96.40749 97.00974
-1.0 39.6491 40.03144 39.79116 39.60741 40.02288 40.91307 41.76516 42.06575 42.05684 42.28856 43.03309 44.12115 45.46577 47.12247 49.04202 50.94851 53.13319 55.28474 56.72994 57.67541 58.67907 59.61778 60.50452 61.51897 63.02105 64.35736 65.57435 66.74986 67.96463 69.28488 70.75504 72.21859 73.84034 75.41458 76.64142 77.39321 78.10497 78.76621 79.63455 80.64694 81.79273 82.88678 83.88422 84.43105 84.78773 85.42525 85.5229 86.55408 87.70532 88.62181 89.39614 90.06529 90.76409 91.42768 91.88616 92.25659 92.66496 93.22269 93.94988 94.64126 95.25861 95.76553
-1.0 38.39723 38.56336 38.39706 38.63244 39.24757 40.07959 40.75056 40.84733 40.86451 40.94246 41.61758 43.08467 44.93668 46.57394 48.45772 50.39032 52.47623 54.4879 56.15812 57.23509 58.39515 59.8368 61.06365 61.92097 62.93848 64.08341 65.29708 66.44437 67.65278 68.86652 70.31027 71.65202 73.26894 74.9711 76.31887 77.03944 77.51434 78.02464 78.9073 79.9734 81.15501 82.09704 82.85744 83.44057 84.07531 84.95504 85.07944 86.10889 87.15253 87.89292 88.58316 89.21262 89.88498 90.43451 90.92651 91.22447 91.50308 92.02187 92.80247 93.52792 94.17197 94.72728
-1.0 37.41715 37.36242 37.1355 37.3432 37.83384 38.43174 38.97704 39.26948 39.68285 40.04796 40.69093 42.05917 44.12258 45.94256 47.78043 49.60101 51.49342 53.40835 55.33986 56.70049 57.99704 59.6408 61.09641 62.03429 62.87279 63.83105 64.89324 65.96698 67.19079 68.33418 69.65346 70.90961 72.4857 74.18234 75.73782 76.52869 76.73142 76.96802 77.80977 79.09095 80.34522 81.31899 82.07977 82.62473 83.19071 84.1757 84.31689 85.5813 86.63853 87.24748 87.80247 88.38457 88.98933 89.42874 89.89135 90.15104 90.42263 90.9955 91.78827 92.49391 93.06831 93.60056
-1.0 36.62769 36.35199 36.22805 36.51826 37.05861 37.5493 38.06239 38.57047 39.19516 39.74589 40.23076 41.27674 43.22131 45.26188 47.1143 48.75597 50.43032 52.19473 54.27414 55.91227 57.41044 58.99527 60.59923 61.75255 62.62614 63.50012 64.45612 65.43565 66.5764 67.78715 69.08801 70.2767 71.6185 73.09643 74.63864 75.55635 75.75431 75.92831 76.7278 78.02654 79.33093 80.51697 81.40355 81.83715 82.00359 82.64326 82.74521 84.18282 85.83916 86.70636 87.15613 87.59844 88.03275 88.46982 88.91463 89.29965 89.73555 90.2949 90.93513 91.44365 91.97817 92.47679
-1.0 34.89591 35.0099 35.54656 36.39149 37.33543 38.04682 38.69287 39.23186 39.66285 40.05182 40.35701 40.97883 42.5141 44.57038 46.46165 47.94537 49.38822 50.801 52.56638 54.61868 56.4803 58.11058 59.90213 61.28186 62.23619 63.05251 64.04747 65.0371 66.13454 67.35744 68.59689 69.73781 70.84631 72.04228 73.21741 74.09289 74.62474 75.02493 75.82433 76.85722 78.11887 79.29194 80.3261 80.74558 80.8098 81.00647 81.03312 82.05914 83.9485 85.33947 86.2169 86.72763 87.08061 87.45088 87.87091 88.32645 88.96364 89.59223 90.18107 90.60879 91.0188 91.33889
-1.0 33.97564 35.03546 36.16227 37.24265 38.37729 39.18229 39.74141 40.17753 40.53891 40.84784 41.11608 41.43838 42.22484 43.73211 45.68604 47.17884 48.50372 49.65339 50.83959 52.74311 55.02506 57.00824 58.97489 60.56823 61.70822 62.5616 63.64886 64.97421 66.17683 67.15142 68.14722 69.13707 70.14127 71.07809 72.05804 72.95258 73.75967 74.40644 75.07465 75.83182 76.87236 77.95885 78.98394 79.56577 79.76061 79.9099 79.92828 80.40273 81.53263 83.20119 84.86745 85.68462 86.11938 86.45546 86.84438 87.42277 88.23225 88.89845 89.43799 89.87428 90.23337 90.48656
-1.0 35.73768 36.84397 37.78466 38.80431 39.83915 40.56912 41.08197 41.50318 41.95295 42.28337 42.59521 42.72086 42.78384 43.3517 44.79417 46.38132 47.64891 48.75474 49.7548 50.90074 52.97707 55.43103 57.59443 59.40133 60.9084 61.94458 63.15076 64.71559 66.13153 66.93967 67.66534 68.45872 69.42194 70.25186 71.16866 72.10758 72.95248 73.7068 74.40618 75.04538 75.7949 76.7124 77.62451 78.40444 78.89074 79.24506 79.28945 79.65399 80.09162 81.12719 83.00795 84.39385 85.13557 85.53613 85.99386 86.73353 87.55495 88.21998 88.72685 89.1155 89.45003 89.76596
-1.0 37.58368 38.42127 39.34634 40.34982 41.41404 42.21861 42.91305 43.43059 43.88981 44.18339 44.37896 44.36142 44.12897 44.04736 44.48505 45.62668 46.94433 48.01672 49.00926 49.80934 51.00965 53.24613 56.00449 58.03782 59.75647 61.12838 62.3657 63.82551 65.33116 66.31681 67.06482 67.81789 68.68397 69.57049 70.66537 71.70624 72.49476 73.06297 73.68067 74.39252 75.33319 76.36733 77.12872 77.62617 78.07858 78.52213 78.57669 79.08005 79.79391 80.80373 82.08897 83.28354 84.1882 84.79752 85.65027 86.51881 87.16974 87.63617 88.12686 88.49758 88.85734 89.18463
-1.0 38.9508 39.8733 40.90776 42.14915 43.38161 44.34221 45.16755 45.70271 46.1643 46.49617 46.56673 46.37689 45.96705 45.49903 45.18076 45.54668 46.48616 47.40181 48.33208 49.09748 49.85238 51.13981 53.70233 56.26992 58.26368 59.84615 61.23011 62.59376 64.01889 65.28576 66.2784 67.05579 67.90009 68.92476 70.26276 71.30404 71.92113 72.35371 72.90419 73.65578 74.82005 75.88599 76.50955 76.87364 77.27483 77.78102 77.84768 78.50983 79.45204 80.5372 81.64407 82.57291 83.45242 84.38921 85.46003 86.28078 86.79063 87.18499 87.60522 87.93084 88.26578 88.58925
-1.0 39.77829 40.81397 42.39145 44.09472 45.53625 46.57494 47.41473 47.98264 48.41979 48.76201 48.90588 48.82862 48.67477 48.05347 47.3919 47.1147 47.09005 47.27416 47.81258 48.59418 49.35177 50.06473 51.75927 54.33461 56.65876 58.30498 59.89425 61.31306 62.70071 64.00481 65.20197 66.18658 67.04094 68.06052 69.37691 70.48447 71.12818 71.56639 72.04742 72.72485 73.74514 74.71783 75.48714 75.95686 76.44402 77.08465 77.17632 77.88753 78.90708 80.02653 81.1475 82.06767 82.90499 83.77982 84.8414 85.68479 86.2862 86.71188 87.09416 87.44747 87.74795 88.03681
-1.0 40.23416 41.55014 44.14143 46.2121 47.70914 48.75636 49.6413 50.33737 50.96112 51.33693 51.61071 51.776 51.776 51.4193 50.88182 50.34327 49.46615 48.68268 48.27187 48.46921 48.99163 49.67838 50.53614 52.30598 54.83099 56.78377 58.40755 59.83084 61.1851 62.40336 63.73554 64.93443 65.99581 66.93226 67.92956 68.98148 69.81575 70.44263 71.01443 71.59891 72.2345 73.03618 73.90647 74.6017 75.40293 76.29036 76.4059 77.22015 78.09573 79.19592 80.39555 81.36259 82.24485 83.02866 83.9166 84.74355 85.55251 86.15984 86.60482 86.97572 87.28956 87.56849
-1.0 42.20979 43.95935 46.27065 48.3272 50.03329 50.88993 51.64463 52.45981 53.1554 53.82232 54.37687 54.50702 54.38342 54.23717 53.91386 53.39595 52.42769 51.44689 50.31152 49.55834 49.31154 49.63031 50.08125 51.18757 53.33649 55.32431 56.96397 58.4327 59.80416 60.99854 62.21848 63.42852 64.58163 65.5807 66.54058 67.47128 68.31529 68.96081 69.63081 70.22208 70.83624 71.51604 72.28535 73.08982 74.09484 75.24102 75.38602 76.38247 77.30694 78.25375 79.40712 80.43964 81.37369 82.14072 82.97158 83.79686 84.66706 85.39632 86.0658 86.5405 86.91447 87.20199
-1.0 45.27811 47.04466 48.96662 50.65411 51.8875 52.5647 53.36646 54.41231 55.35899 56.08951 56.67937 56.7161 56.56216 56.43568 56.37579 56.18082 55.67197 54.83212 53.68687 52.44655 51.38136 50.58386 50.31037 50.78696 52.16125 53.95588 55.54856 56.93554 58.38588 59.63739 60.73399 61.79902 62.95212 63.99948 65.04356 65.88472 66.69246 67.44803 68.18619 68.7616 69.38817 70.00478 70.63245 71.34048 72.40079 73.7597 73.94411 75.11987 76.19426 77.07693 78.11684 79.23045 80.25204 81.05581 81.80212 82.52644 83.40564 84.30617 85.27496 86.02585 86.49469 86.81021
-1.0 47.91103 49.50082 50.95161 52.13649 53.09468 53.85275 54.77455 55.82882 57.1124 57.94194 58.43225 58.44858 58.32082 58.27655 58.26429 58.21095 58.00036 57.55008 56.77631 55.78208 54.68129 53.59859 52.60049 52.30598 52.52584 53.29665 54.4095 55.75109 57.21346 58.46303 59.53028 60.43069 61.38314 62.43255 63.52298 64.43945 65.25302 65.96848 66.68875 67.34002 67.97878 68.54878 69.1672 69.83146 70.77038 72.0719 72.25449 73.49805 74.78679 75.83068 76.78244 77.79168 78.7915 79.72953 80.56329 81.25584 82.07832 82.9806 84.00796 85.00284 85.92729 86.45378
-1.0 50.10262 51.30162 52.3323 53.16898 54.05886 54.91003 55.98112 57.41117 59.04152 60.09636 60.30572 59.93113 59.60318 59.82593 60.10971 60.1401 59.91071 59.49262 58.95466 58.38798 57.72677 56.95017 55.9991 55.28999 54.71081 54.38223 54.50193 55.23623 56.2931 57.42825 58.50317 59.34607 60.12733 60.98242 61.92845 62.86032 63.7876 64.55384 65.2967 65.93312 66.47002 66.91132 67.60095 68.33041 69.29486 70.4499 70.60429 71.77008 73.03694 74.16875 75.21505 76.17664 77.15875 78.09743 79.01257 79.76001 80.60745 81.45911 82.41315 83.51167 84.74955 85.72889
-1.0 51.48643 52.29454 53.16651 53.95934 54.7287 55.75337 57.51635 59.43814 60.89658 61.73921 61.67881 60.86997 60.42197 61.05935 61.63643 61.70184 61.50615 61.09326 60.68596 60.20041 59.60522 58.92067 58.20173 57.54444 56.98175 56.34385 55.89647 55.87836 56.303 56.91622 57.62517 58.39737 59.24133 59.98291 60.71684 61.54583 62.39799 63.21968 64.02738 64.7495 65.26041 65.6614 66.17596 66.78677 67.75025 69.01111 69.17787 70.31396 71.45712 72.5425 73.62007 74.56268 75.58323 76.51192 77.44653 78.21815 79.10506 79.86662 80.75391 81.73439 82.97999 84.3262
-1.0 52.38868 53.17995 53.96768 54.65394 55.48807 57.30336 59.75369 61.45937 62.55601 63.01554 62.76755 62.06731 61.836 62.45345 63.08251 63.25295 63.10128 62.76496 62.32662 61.83442 61.25769 60.65698 59.92374 59.24195 58.62675 58.01434 57.44823 57.2126 57.26484 57.36422 57.54813 57.95302 58.49669 59.12298 59.85447 60.47578 61.10763 61.83384 62.80732 63.7512 64.34382 64.74369 65.14559 65.57204 66.38398 67.64716 67.82417 68.98298 70.02265 70.922 71.88261 72.93235 74.0013 74.96494 75.75145 76.54612 77.41118 78.22457 79.1134 79.9675 80.94151 82.10809
-1.0 53.13541 53.85105 54.54185 55.27565 56.88807 59.54858 62.1266 63.58635 64.35795 64.50628 64.11618 63.70401 63.75859 64.20566 64.65959 64.83237 64.6494 64.35542 63.85997 63.30237 62.68393 62.0811 61.34027 60.74556 60.11273 59.52942 58.99532 58.64405 58.44754 58.40997 58.61984 58.8075 58.95367 59.16639 59.53811 59.99731 60.49952 60.99785 61.9029 62.94053 63.66455 64.14331 64.62678 65.03391 65.56055 66.5806 66.73933 67.92967 68.97091 69.80195 70.53094 71.35355 72.38094 73.36435 74.26481 75.08808 75.82906 76.53297 77.40158 78.29658 79.21498 80.08952
-1.0 53.73642 54.42463 55.06171 56.31647 59.27495 62.36208 64.62385 65.81654 66.2766 66.13294 65.28375 64.89937 65.25751 65.86092 66.3337 66.49326 66.33185 65.8835 65.30164 64.70419 64.13941 63.45557 62.71829 62.07217 61.42065 60.89399 60.36719 59.87504 59.55996 59.61501 60.01477 60.36746 60.43881 60.37177 60.23166 60.25296 60.50341 60.91109 61.62416 62.37201 62.98438 63.52462 64.13963 64.68116 65.23814 65.9818 66.08659 67.07392 68.07784 68.82237 69.53618 70.19299 70.95483 71.72211 72.65358 73.54863 74.33675 75.02064 75.77129 76.48395 77.40018 78.43797
-1.0 54.23568 54.8251 55.69279 58.16441 62.18162 65.2244 66.97224 67.77264 67.93279 67.28075 65.97684 65.55913 66.40265 67.24449 67.83651 67.99051 67.78064 67.29747 66.71082 66.10925 65.40317 64.66264 63.93348 63.23434 62.56082 62.03537 61.41602 60.79927 60.36214 60.51328 61.12109 61.60152 61.75871 61.63038 61.34803 61.05408 60.91631 61.26965 61.97569 62.53259 63.03417 63.58086 64.2888 64.8701 65.34469 65.87527 65.94366 66.62769 67.37077 67.9884 68.68124 69.34383 69.98883 70.60196 71.39728 72.20992 73.03741 73.84156 74.64848 75.36822 76.29455 77.40031
-1.0 54.74022 55.24873 57.19924 61.32632 65.37743 67.62238 69.13319 70.05188 70.09747 68.89426 67.27374 66.78761 67.9285 69.24332 69.78144 69.75578 69.37827 68.84583 68.19911 67.50655 66.67934 65.90524 65.14516 64.35968 63.60904 62.97761 62.34322 61.72576 61.3008 61.4824 62.03971 62.4696 62.71986 62.69381 62.55118 62.29953 62.08501 62.26105 62.8089 63.24809 63.6749 64.38682 65.28424 65.84474 66.08397 66.38814 66.43004 66.83945 67.43537 68.04852 68.66537 69.28195 69.84823 70.33678 71.05663 72.05973 73.09375 74.02936 74.97783 75.78745 76.73353 77.71866
