_readme/moea-velma-presentation_2018Feb_tutorial15_hydrology_part1/moeaPortion/5_working_example/longfellow_10m_moea_server/longfellow_Dredge_EEX_FLAT_10m.asc
ncols 309
nrows 699
xllcorner 546056.917
yllcorner 5262573.334
cellsize 10.0
nodata_value -9999.0
[rows 224 to 251 of 699, columns 126 to 188 of 309]
47.31899 46.09718 44.77975 43.50848 42.16115 40.83733 38.98735 36.88036 35.10776 33.7608 31.89756 28.09156 25.24575 25.01915499999999 26.91674 29.67956 31.73934 32.49498 32.95549 33.41372 33.79077 34.07552 34.21923 34.2522 34.39986 34.54108 34.7011 34.85137 34.95752 34.99 35.06119 35.16997 35.11292 34.80684 34.27985 33.61629 32.79813 31.89201 31.09549 30.50373 29.91364 29.50602 29.37837 29.46005 29.60566 29.67866 30.07825 30.23169 29.80262 29.64916 29.78847 29.99459 30.38968 31.00409 31.91647 33.03966 34.23119 35.19345 36.03252 36.82426 37.63784 38.46815 39.27276
47.4813 46.13367 44.6963 43.16706 41.62649 40.27177 38.55996 36.64482 35.06672 33.81887 32.24974 28.97664 25.022094999999993 25.020624999999992 26.46788 29.35921 31.83883 32.60443 33.12347 33.70652 34.13327 34.38546 34.48088 34.5302 34.64407 34.79325 34.99878 35.1594 35.32341 35.51978 35.67673 35.72753 35.61059 35.1929 34.50241 33.75706 32.86843 32.02421 31.26597 30.70153 30.13067 29.71229 29.62717 29.90118 30.2172 30.30132 30.53206 30.74277 30.5571 30.33449 30.20831 30.27341 30.67498 31.25751 32.03139 33.08483 34.29903 35.34454 36.19209 36.90583 37.70809 38.46723 39.25711
47.57849 46.09949 44.51165 42.68319 41.00226 39.7627 38.2038 36.50239 35.06942 34.03056 32.8285 30.61536 25.023564999999994 25.16685 25.89332 28.60157 31.59201 32.51978 33.18491 33.85637 34.29527 34.5888 34.67287 34.75517 34.85732 35.00874 35.20922 35.4519 35.76107 36.01233 36.15533 36.21881 36.02979 35.46656 34.66094 33.898 33.00473 32.22413 31.49133 30.9174 30.38342 29.8863 29.83287 30.26939 30.6718 30.90095 31.06553 31.18539 31.20881 31.05099 30.72188 30.62816 30.99438 31.52746 32.30352 33.3888 34.67866 35.69253 36.49699 37.09466 37.78588 38.49703 39.28156
47.64099 46.14864 44.46994 42.6485 40.86032 39.60556 38.18068 36.71105 35.3378 34.26169 33.2705 32.14588 25.025034999999995 25.026504999999997 25.35688 27.85199 31.33003 32.67632 33.67461 34.53226 34.85691 34.97466 34.9477 34.93591 35.09555 35.307 35.51013 35.75713 36.07333 36.25854 36.35405 36.4691 36.38574 35.80208 34.95548 34.15551 33.34674 32.54313 31.78183 31.14941 30.58561 30.16697 30.15651 30.56475 31.00624 31.4091 31.79301 31.95042 31.98098 31.80322 31.40154 31.23037 31.39124 31.81891 32.63583 33.76294 35.01107 35.9749 36.68979 37.25737 37.87251 38.56339 39.33918
47.87527 46.35073 44.70825 42.99413 41.2593 39.83617 38.4248 37.06295 35.74662 34.62574 33.54213 32.52946 29.46366 25.027974999999998 25.029445 27.30026 30.97704 33.08091 34.53517 35.32254 35.45953 35.42706 35.36923 35.3047 35.34946 35.54981 35.82127 36.06297 36.26072 36.46821 36.67762 36.73195 36.51447 35.94988 35.16489 34.3595 33.61415 32.86588 32.09558 31.40363 30.8463 30.42608 30.48204 30.93192 31.51157 32.16146 32.85836 33.18054 33.2012 33.00749 32.49267 31.95192 31.86182 32.29846 33.09026 34.09193 35.11348 35.99693 36.70974 37.29888 37.95815 38.64383 39.36935
48.20552 46.7365 45.06149 43.37014 41.70784 40.21617 38.78281 37.43945 36.12567 34.90608 33.75893 32.72061 30.06906 26.59748 25.030915 25.032385 30.65719 33.32965 35.36852 36.10929 35.97418 35.8498 35.70128 35.60225 35.65423 35.85044 36.11584 36.25656 36.40578 36.61257 36.83525 36.83583 36.52439 36.07157 35.3686 34.60824 33.91432 33.16534 32.39413 31.70613 31.07325 30.66868 30.69418 31.19384 32.14927 33.29596 34.32609 34.95801 35.09901 34.75024 33.57678 32.57751 32.45328 32.84271 33.53866 34.33321 35.11359 35.89725 36.66899 37.34859 37.99541 38.64938 39.38567
48.47676 47.06241 45.46553 43.73744 42.12751 40.59197 39.10337 37.71609 36.31276 35.10431 33.90123 32.75982 30.05264 26.69848 25.12964 25.033855000000003 29.97841 32.99542 35.50388 36.44975 36.28772 36.15451 36.04736 35.99919 36.00275 36.10667 36.26751 36.40474 36.60399 36.81829 36.93852 36.92863 36.70282 36.30149 35.65258 34.93893 34.21815 33.55186 32.76844 32.06298 31.37429 31.04187 30.99284 31.68781 33.29832 34.84906 35.84682 36.1799 36.19309 35.88541 34.88234 33.59523 33.05563 33.11282 33.60844 34.35228 35.12767 35.8511 36.63457 37.29197 37.97342 38.65024 39.43318
48.72598 47.25709 45.62679 43.98065 42.35596 40.87677 39.32567 37.87342 36.3955 35.18605 33.97341 32.75591 29.89043 25.038265000000006 25.036795000000005 25.035325000000004 29.20278 32.1324 34.76268 36.30141 36.47436 36.44696 36.44506 36.36465 36.31224 36.36349 36.48219 36.62615 36.77363 36.97701 37.11232 37.06788 36.82166 36.42644 35.89072 35.22898 34.56253 33.98266 33.26996 32.53818 31.92311 31.6793 31.80382 32.76528 34.66078 35.96294 36.38886 36.5099 36.44876 36.23753 35.60744 34.42184 33.70118 33.71054 33.97179 34.44848 35.14723 35.83028 36.55065 37.2374 37.93935 38.65198 39.43682
48.90548 47.42258 45.77523 44.16254 42.49019 40.98201 39.45599 37.94958 36.48131 35.27464 34.07997 32.785 29.88572 25.064888333333343 25.20951 25.88399 27.86518 30.39925 33.08184 35.41288 36.50769 36.92823 37.28642 36.98154 36.63842 36.66926 36.90056 37.05947 37.10147 37.1797 37.22279 37.16903 36.95737 36.61426 36.16169 35.54145 34.93758 34.4704 33.91682 33.37859 32.92379 32.7575 33.0835 34.2571 35.77247 36.45572 36.66009 36.7928 36.70269 36.335 35.80336 34.93723 34.36223 34.3088 34.36516 34.63307 35.17739 35.78492 36.44846 37.15297 37.86644 38.61146 39.43272
49.17211 47.61384 45.93526 44.28565 42.43135 40.86343 39.42101 37.99017 36.60727 35.41067 34.27679 32.93003 30.59392 25.091511666666676 25.11813500000001 25.29929 25.91251 27.48507 30.23868 32.9122 35.38926 36.83935 37.40039 37.21907 36.90592 37.02034 37.3446 37.5711 37.56218 37.45068 37.3595 37.26531 37.11123 36.81426 36.40257 35.87254 35.4023 35.14113 34.78244 34.24976 33.88722 34.14981 34.65176 35.39121 36.26468 36.60439 36.90352 37.04655 36.84013 36.36205 35.89196 35.32476 34.93282 34.78003 34.68285 34.80376 35.2 35.75862 36.3861 37.11136 37.86617 38.62273 39.44855
49.47401 48.00203 46.45938 44.62526 42.32886 40.58564 39.40691 38.12041 36.6959 35.54577 34.58137 33.40471 31.93141 30.42306 25.148061666666678 25.177988333333342 25.207915000000007 25.35608 26.7809 29.68624 32.80839 35.20454 36.50419 36.51282 36.24874 36.41993 36.96914 37.46749 37.63844 37.62711 37.55557 37.45853 37.27156 36.95834 36.57646 36.25686 36.01115 35.77888 35.44749 35.17171 34.88649 34.90367 35.27618 35.87276 36.40924 36.74361 37.10012 37.31139 37.11115 36.48772 35.98088 35.73658 35.5892 35.37432 35.08093 34.92165 35.19538 35.69797 36.34742 37.02768 37.82927 38.67735 39.53726
49.74176 48.44382 47.06908 45.16223 42.33161 40.45308 39.56701 38.43238 36.93283 35.84565 35.09266 34.35061 33.43631 32.55359 31.02165 28.85793 25.264705000000006 25.7182 25.44331 27.05256 30.09299 32.70336 34.29847 34.87793 35.14202 35.7058 36.47593 37.09493 37.54131 37.68222 37.6386 37.54458 37.38692 37.11869 36.78347 36.5924 36.3736 36.16789 36.04081 35.85485 35.64149 35.4498 35.70317 36.14716 36.39375 36.73704 37.11652 37.37734 37.28597 36.73378 36.21903 36.09716 36.07315 36.00159 35.50686 35.16167 35.36403 35.73943 36.28701 37.00467 37.89722 38.72825 39.5509
50.02517 48.87324 47.63004 45.9847 43.12589 40.84978 39.88224 38.86678 37.53664 36.52857 35.95286 35.52265 34.8587 34.05203 33.21871 31.81115 25.286512500000004 25.308320000000005 25.330127500000007 25.351935000000008 26.961185000000008 30.72637 31.88798 33.03938 34.09925 35.05717 35.93625 36.56973 37.15084 37.47194 37.57285 37.51189 37.41403 37.34898 37.17496 36.94134 36.63645 36.38565 36.25709 36.17883 36.06975 35.70159 35.78177 36.20785 36.46419 36.76754 37.19791 37.48934 37.54317 37.27788 36.74334 36.50604 36.48421 36.24262 35.82614 35.50665 35.51577 35.83379 36.36386 37.08974 37.93558 38.80937 39.64479
50.35092 49.23252 48.06468 46.91239 44.69315 41.98481 40.3525 39.4469 38.37417 37.44953 36.92612 36.57762 36.0535 35.35817 34.43485 33.31068 32.10504 31.31237 30.85061 30.50919 30.417815000000008 30.419695000000008 30.74091 31.76862 33.21229 34.41299 35.44074 36.11586 36.70733 37.19049 37.4464 37.49203 37.49473 37.46666 37.3224 37.11681 36.80311 36.49986 36.2933 36.2148 36.15421 35.84772 35.88993 36.2258 36.49406 36.83537 37.19774 37.55346 37.75468 37.64574 37.25033 36.97912 36.8355 36.36256 35.958 35.77708 35.74087 35.9776 36.48607 37.16194 38.05329 38.93 39.67104
50.74257 49.5904 48.56623 47.55624 46.11277 43.51593 41.14161 40.07762 39.28586 38.43131 37.74034 37.29529 36.86219 36.44589 35.70671 34.66816 33.55775 32.85118 32.42836 32.12817 31.70601 30.421575000000008 30.423455000000008 31.09586 32.411 33.79703 34.83819 35.67023 36.39061 36.89858 37.2638 37.48001 37.56482 37.49051 37.34532 37.20959 36.94307 36.68153 36.42466 36.23399 36.12814 35.96301 35.98727 36.25771 36.57875 36.93434 37.28034 37.58044 37.84289 37.94607 37.8272 37.59975 37.37265 36.73833 36.17185 35.96673 35.96645 36.26044 36.74403 37.34996 38.2194 38.98973 39.68061
51.21157 49.85959 48.90751 47.98013 46.96498 45.02002 42.24245 40.67129 39.87611 39.20235 38.4635 37.91481 37.41466 36.96817 36.41872 35.6791 34.72003 33.86807 33.34536 32.8983 32.32068 31.5993 30.425335000000008 30.427215000000007 31.9682 33.33786 34.47542 35.35791 36.1017 36.6308 37.09753 37.44177 37.56218 37.46497 37.34489 37.25006 37.05035 36.76606 36.49383 36.23055 36.08418 35.96346 35.98294 36.25782 36.58242 36.94311 37.29056 37.58803 37.89937 38.15435 38.12445 38.06789 38.01333 37.24225 36.40725 36.24745 36.35415 36.61067 37.04467 37.67175 38.53366 39.29185 39.91914
51.7976 50.15551 49.22743 48.3485 47.44322 46.15831 43.66421 41.38712 40.25776 39.69334 39.05991 38.47038 37.89884 37.38459 36.88337 36.25074 35.37507 34.60802 34.33381 33.99575 33.20449 32.18558 31.0548 30.429095000000007 31.62737 32.8786 34.1508 35.10521 35.89879 36.47018 36.91688 37.27319 37.47143 37.49214 37.39125 37.2593 37.15993 36.94877 36.60799 36.26262 36.08603 35.964459999999995 35.98101 36.26033 36.62557 36.96465 37.33483 37.67117 38.0012 38.30444 38.52173 38.59681 38.42682 37.80489 37.12214 36.95747 37.02768 37.23632 37.62202 38.1257 38.78878 39.41594 39.93858
52.34717 50.33905 49.51665 48.68276 47.76514 46.86668 44.87315 42.14087 40.59859 40.03989 39.45864 38.8513 38.23357 37.6871 37.14364 36.50447 35.75152 35.27394 35.31788 35.27327 34.42429 32.96864 31.29891 30.430975000000007 31.39862 32.58586 33.85276 34.90573 35.82986 36.40271 36.81076 37.15436 37.35001 37.45584 37.44677 37.34324 37.25533 37.07726 36.71827 36.32721 36.10925 35.96546 35.97528 36.25549 36.64198 36.98729 37.36592 37.76414 38.1705 38.51019 38.83005 39.043 38.98182 38.59172 38.15588 38.06472 38.06845 38.05643 38.34873 38.68049 39.11435 39.52544 39.93767
53.13226 50.54649 49.74654 48.96586 48.07557 47.22449 45.65934 43.06204 41.06918 40.29721 39.78482 39.21936 38.57578 37.97802 37.34668 36.73708 36.18909 36.0382 36.22725 36.34421 35.78336 34.11049 31.72226 30.432855000000007 31.22192 32.34126 33.60314 34.78129 35.82334 36.38454 36.74269 37.02344 37.1696 37.32919 37.45752 37.47127 37.37751 37.22483 36.95842 36.51179 36.13357 35.97989 36.01118 36.27293 36.70653 37.1015 37.51863 37.96328 38.39261 38.77938 39.15147 39.45378 39.57479 39.44668 39.27889 39.2975 39.22435 39.11951 39.34843 39.41098 39.45039 39.71862 40.09013
53.98031 50.93023 49.91069 49.19512 48.32354 47.4374 46.27621 44.11026 41.58996 40.52446 40.04776 39.51666 38.90265 38.30444 37.62298 37.10683 36.75142 36.69691 36.76606 36.70649 36.47355 35.2171 32.41658 30.434735000000007 31.00943 32.00789 33.39824 34.72801 35.82094 36.38388 36.61025 36.78157 36.99136 37.20536 37.41208 37.57148 37.5713 37.41071 37.222 36.86342 36.31304 36.1399 36.21937 36.42491 36.84344 37.295 37.76777 38.23236 38.66088 39.05801 39.46774 39.76596 39.98131 40.0914 40.10851 40.18537 40.24846 40.17595 40.35448 40.16747 39.80406 39.98653 40.37117
54.7677 51.51527 50.07008 49.38819 48.55676 47.70457 46.80136 45.01622 42.22188 40.72505 40.20661 39.73752 39.25144 38.69762 38.06765 37.57545 37.28226 37.24293 37.19869 36.96312 36.70691 36.05879 33.58022 30.436615000000007 30.65791 31.50827 33.09709 34.66559 35.87974 36.41032 36.55933 36.72395 36.9912 37.21832 37.4471 37.62924 37.72459 37.6667 37.51613 37.28838 36.76446 36.50766 36.5906 36.74959 37.05054 37.45176 37.98645 38.46749 38.8927 39.29243 39.69716 40.02864 40.3546 40.58785 40.7892 40.9385 41.03468 41.01505 41.03153 40.76003 40.26924 40.21705 40.58839
55.30619 52.02925 50.21256 49.55415 48.75618 47.92001 47.08818 45.56982 42.81053 40.92493 40.31469 39.93707 39.53326 39.03589 38.47456 38.02202 37.74805 37.64101 37.47458 37.1675 36.84167 36.51153 34.88053 30.438495000000007 30.440375000000007 31.09978 32.64235 34.54369 35.96803 36.42973 36.59322 36.8275 37.09213 37.31625 37.55743 37.71111 37.8285 37.89399 37.80618 37.63457 37.36703 37.11845 37.02141 37.17368 37.45264 37.79588 38.29124 38.75684 39.17284 39.53447 39.89457 40.27007 40.68531 40.97795 41.1757 41.29934 41.35282 41.36767 41.22974 41.00945 40.65666 40.48207 40.77062
55.9214 52.54379 50.35052 49.65939 48.90514 48.06133 47.22278 45.9334 43.43658 41.1974 40.46024 40.13287 39.74018 39.29119 38.78196 38.36364 38.0837 37.92251 37.68689 37.38511 37.01627 36.72514 36.03098 33.61496 30.442255000000007 30.67356 32.12312 34.49165 36.06627 36.45304 36.65157 36.91581 37.18826 37.42421 37.63754 37.82521 37.98909 38.06892 38.03998 37.93841 37.84416 37.68371 37.54945 37.74898 38.05401 38.30422 38.71334 39.11686 39.45279 39.73163 40.06393 40.45416 40.88031 41.21882 41.41047 41.50397 41.60442 41.64466 41.43198 41.1527 40.87518 40.76794 41.00155
56.4869 53.0397 50.64755 49.83048 49.06121 48.20296 47.36227 46.26676 43.93015 41.57079 40.5826 40.21864 39.82239 39.44734 39.03215 38.63419 38.2769 38.08092 37.86296 37.57375 37.19271 36.83766 36.53058 34.88826 30.444135000000006 30.53927 31.73319 34.50964 36.1916 36.4882 36.6975 36.95174 37.24557 37.49827 37.71024 37.90854 38.1098 38.1993 38.22013 38.21672 38.19537 38.08846 38.06956 38.27029 38.55314 38.79416 39.07983 39.37957 39.66984 39.92631 40.21606 40.57322 40.9659 41.30064 41.54374 41.68301 41.8083 41.87577 41.67823 41.32168 41.08538 41.0526 41.21727
56.8565 53.64281 51.00393 49.95822 49.12349 48.29186 47.45045 46.59657 44.43854 41.88501 40.65223 40.3215 39.9311 39.55239 39.20554 38.82094 38.42447 38.17737 37.94177 37.64049 37.30046 36.92934 36.61739 35.77351 30.446015000000006 30.447895000000006 31.95111 34.82082 36.35958 36.53336 36.74929 37.00169 37.2701 37.5182 37.78968 37.95634 38.09645 38.24288 38.36359 38.43306 38.45731 38.4524 38.57374 38.77214 38.96356 39.17146 39.33863 39.52166 39.80767 40.07994 40.37014 40.66877 40.99185 41.28406 41.599 41.83938 41.98988 42.08618 42.00906 41.69982 41.43832 41.41473 41.58257
56.89243 53.95655 51.28273 50.08373 49.20956 48.36268 47.52168 46.75865 44.77941 42.09953 40.69101 40.37979 40.03007 39.63463 39.2591 38.91325 38.51492 38.22808 37.98412 37.68114 37.35904 37.00243 36.65653 36.22293 34.74287 31.859735000000008 33.17317 35.35225 36.35928 36.56187 36.81864 37.07187 37.33765 37.5861 37.80012 37.94271 38.04604 38.21678 38.42294 38.54755 38.63034 38.74006 38.93995 39.14765 39.2971 39.41501 39.61443 39.78758 39.93089 40.12027 40.39109 40.68118 40.98578 41.27983 41.59798 41.89399 42.09284 42.1951 42.24498 42.11612 41.94768 41.85358 42.01954
56.68884 53.95704 51.42978 50.16456 49.2394 48.3533 47.51059 46.75641 44.94142 42.22262 40.74273 40.38586 40.07246 39.72238 39.3236 38.95564 38.59043 38.29726 38.04218 37.76481 37.39905 37.04438 36.69741 36.37631 35.70581 33.08179500000001 34.44256 35.76707 36.31536 36.54367 36.82653 37.08258 37.32066 37.57086 37.75217 37.91315 38.06705 38.26352 38.46749 38.64226 38.83893 39.06427 39.2857 39.46326 39.60013 39.66518 39.83339 40.05928 40.15106 40.21898 40.4129 40.67657 40.98144 41.28545 41.58867 41.86986 42.11705 42.27531 42.38533 42.38951 42.3542 42.32204 42.52926
56.53896 53.74079 51.38927 50.11438 49.20008 48.29647 47.45825 46.67779 44.85153 42.22995 40.75437 40.37531 40.06128 39.77473 39.41717 39.02703 38.65585 38.37337 38.05212 37.74163 37.3872 37.05153 36.69393 36.36874 34.62805000000001 34.35118500000001 35.18204 35.93188 36.26673 36.49967 36.76581 36.99416 37.19872 37.45348 37.71083 37.90507 38.10368 38.29113 38.50768 38.75887 39.02004 39.2514 39.52206 39.7568 39.91638 39.94041 40.03683 40.2397 40.39175 40.45297 40.5566 40.72221 40.98065 41.27936 41.58469 41.84501 42.10575 42.34028 42.48532 42.56234 42.61187 42.72309 42.94842
