_readme/moea-velma-presentation_2018Feb_tutorial15_hydrology_part1/moeaPortion/5_working_example/longfellow_10m_moea_server/longfellow_Dredge_EEX_FLAT_10m.asc
ncols 309
nrows 699
xllcorner 546056.917
yllcorner 5262573.334
cellsize 10.0
nodata_value -9999.0
[rows 644 to 671 of 699, columns 189 to 251 of 309]
103.8623 105.1423 106.248 107.4545 108.6016 109.8709 111.6387 114.4722 116.3952 116.8171 116.802 116.8902 116.9182 116.8654 116.8049 116.7831 116.7383 116.6812 116.6159 116.5788 116.5148 116.4992 116.4948 116.2736 116.1004 116.0917 116.0352 115.9173 115.8903 115.9684 116.074 116.1033 116.1666 116.2214 116.2775 116.2993 116.2887 116.2315 116.1889 116.1197 116.10090000000001 116.1039 116.0949 116.0282 115.9845 115.9137 115.8225 115.8225 115.8225 115.8225 115.8225 115.8225 115.8795 115.9913 116.0769 116.1148 116.2653 116.4783 116.6863 116.8762 117.0732 117.2055 117.3802
103.8451 105.1396 106.2913 107.4774 108.6043 109.85 111.6269 114.4158 116.465 116.8225 116.7606 116.8751 116.9669 116.9106 116.883 116.8486 116.7782 116.7516 116.7229 116.6418 116.5339 116.5016 116.4739 116.2696 116.1028 116.0931 116.0838 115.9486 115.8913 115.9742 116.0764 116.1006 116.1685 116.265 116.2985 116.3065 116.3016 116.2911 116.2151 116.1182 116.1078 116.1807 116.1355 116.0879 116.0119 115.9264 115.8887 115.8235 115.8235 115.8235 115.8235 115.8235 115.8806 115.9824 116.0901 116.2022 116.3819 116.5802 116.7915 116.9714 117.1049 117.2797 117.4752
103.8154 105.1226 106.3225 107.4945 108.59 109.8278 111.6017 114.4467 116.4177 116.7683 116.7341 116.8375 116.9698 116.9549 116.9512 116.9268 116.8544 116.8447 116.7995 116.722 116.6193 116.5239 116.4232 116.2604 116.1127 116.0916 116.0968 115.9673 115.89229999999999 115.9711 116.0755 116.1006 116.1718 116.2757 116.3112 116.3642 116.338 116.2952 116.2143 116.1724 116.2124 116.2735 116.2086 116.11 116.0276 115.9866 115.9108 115.8211 115.8245 115.8245 115.8245 115.8245 115.8784 115.9908 116.1714 116.3542 116.5017 116.6834 116.873 117.0062 117.1685 117.3094 117.4808
103.7965 105.0829 106.3306 107.4736 108.5424 109.7638 111.4823 114.4124 116.2294 116.6558 116.7081 116.788 116.9728 117.0182 117.0096 116.9963 116.9796 116.948 116.8644 116.8001 116.724 116.5606 116.4354 116.3131 116.1348 116.0926 116.0953 116.0084 115.9076 115.9664 116.076 116.1019 116.1698 116.2554 116.2982 116.3671 116.387 116.3149 116.2349 116.2401 116.3469 116.3402 116.2225 116.1127 116.0744 116.0174 115.9304 115.886 115.814 115.8255 115.8255 115.8255 115.8862 116.0559 116.2001 116.3743 116.5829 116.764 116.8966 117.0693 117.2549 117.3788 117.5485
103.7675 105.1049 106.3197 107.4702 108.5383 109.7468 111.393 114.2776 116.0777 116.6377 116.7364 116.8178 117.0182 117.0948 117.0751 117.0563 117.0699 117.0239 116.9724 116.8639 116.7697 116.6178 116.5323 116.3678 116.1324 116.0936 116.0975 116.027 115.9316 115.9701 116.0751 116.1033 116.1646 116.218 116.2744 116.3284 116.3853 116.3467 116.3435 116.384 116.4255 116.3917 116.2401 116.1146 116.0852 116.0241 115.9661 115.8981 115.81200000000001 115.81200000000003 115.8517 115.82650000000001 115.8864 116.07 116.1961 116.3636 116.587 116.7611 116.8945 117.0603 117.2075 117.3128 117.4744
103.7455 105.1042 106.3028 107.4326 108.4961 109.6785 111.2384 113.9733 115.9263 116.5148 116.7997 116.9046 116.9697 117.0795 117.1327 117.1448 117.131 117.1294 117.1097 116.967 116.8421 116.75 116.6323 116.3917 116.1342 116.0946 116.0944 116.0272 115.978 115.9891 116.0667 116.1043 116.1627 116.2011 116.2742 116.3689 116.3989 116.386 116.3975 116.47 116.4881 116.4242 116.2953 116.1344 116.0743 116.0215 115.9312 115.8324 115.81100000000002 115.847 115.8342 115.8606 115.9192 116.0598 116.1936 116.367 116.569 116.7033 116.8765 117.0032 117.1601 117.2824 117.398
103.7845 105.1537 106.3269 107.4309 108.4539 109.57 110.9642 113.6673 115.9055 116.7349 117.0092 116.9499 116.8726 117.0035 117.1618 117.2096 117.1913 117.242 117.2368 117.1325 117.0109 116.9093 116.7508 116.4574 116.1231 116.0956 116.0927 116.0215 115.9884 116.0166 116.0747 116.102 116.1637 116.2035 116.2723 116.3732 116.3966 116.3889 116.4294 116.5059 116.5204 116.4248 116.3252 116.1627 116.0752 116.0229 115.9846 115.9056 115.8125 115.81000000000002 115.81000000000002 115.8771 115.9843 116.0777 116.189 116.3689 116.5591 116.6841 116.8509 116.9686 117.0876 117.2553 117.3828
103.8309 105.1898 106.363 107.3886 108.3762 109.3996 110.5278 113.2651 115.8975 117.0597 117.0007 116.8231 116.815 116.9356 117.1542 117.2778 117.3397 117.4043 117.4084 117.3454 117.2461 117.1075 116.9326 116.6297 116.2275 116.0966 116.093 116.0392 115.9946 116.0538 116.0955 116.0984 116.1623 116.2011 116.2955 116.4032 116.4218 116.4182 116.5216 116.5841 116.5719 116.4575 116.3633 116.2244 116.0954 116.0224 115.9995 115.9079 115.80900000000001 115.80900000000001 115.80900000000001 115.8812 115.9948 116.0855 116.1953 116.3517 116.4854 116.5942 116.6923 116.8 116.9562 117.0932 117.2633
103.8506 105.2177 106.3725 107.3523 108.2952 109.2687 110.2563 112.6169 115.4076 116.8117 116.5506 116.4677 116.7705 116.9461 117.1337 117.3397 117.5223 117.5925 117.6104 117.6067 117.5253 117.3553 117.1668 116.8621 116.4662 116.2442 116.1292 116.0703 116.0336 116.0777 116.1007 116.0962 116.163 116.2223 116.3406 116.4562 116.4742 116.4867 116.5979 116.6606 116.6312 116.5062 116.3448 116.2195 116.1073 116.0222 115.9685 115.8447 115.808 115.808 115.80800000000002 115.8622 115.9641 116.0662 116.1675 116.2729 116.4013 116.5495 116.6634 116.7566 116.8724 116.9921 117.1654
103.8586 105.2176 106.3423 107.3528 108.22 109.169 110.1064 111.7355 114.2835 115.789 115.9672 116.1045 116.519 116.9118 117.1724 117.4069 117.6633 117.8041 117.9023 117.9286 117.855 117.687 117.5059 117.1767 116.8045 116.5353 116.1756 116.0638 116.0902 116.0931 116.0942 116.0949 116.1622 116.265 116.4007 116.5057 116.5479 116.6078 116.6755 116.7297 116.6948 116.5398 116.3194 116.2015 116.1111 116.0167 115.9182 115.8068 115.80700000000002 115.80700000000002 115.80700000000002 115.8094 115.896 116.0024 116.1019 116.1998 116.3507 116.4818 116.5886 116.6808 116.8005 116.9462 117.1123
103.9415 105.2831 106.3607 107.3368 108.1465 109.0271 109.9497 111.0937 112.8897 114.4634 115.4373 115.9437 116.1358 116.6078 117.1862 117.558 117.8435 118.0458 118.2426 118.3289 118.2524 118.0758 117.8639 117.5992 117.1892 116.8038 116.3156 116.078 116.0897 116.1023 116.0935 116.0959 116.1735 116.2749 116.4367 116.5726 116.6533 116.7387 116.7268 116.7355 116.7139 116.5381 116.327 116.2058 116.1109 116.0117 115.9002 115.8084 115.80600000000001 115.80600000000001 115.80600000000001 115.80600000000001 115.8751 115.9599 116.0576 116.1623 116.2807 116.3793 116.4754 116.5763 116.7477 116.9045 117.0685
104.0473 105.3416 106.3915 107.2805 108.1148 108.9843 109.8022 110.7226 112.0288 113.6145 114.9058 115.6638 116.0122 116.4609 117.101 117.7179 118.1552 118.3564 118.5545 118.7339 118.7383 118.6569 118.4679 118.182 117.624 117.085 116.6458 116.2339 116.0815 116.0996 116.0913 116.0914 116.2545 116.3505 116.4677 116.6565 116.7407 116.7787 116.7453 116.7587 116.7195 116.5327 116.3133 116.1987 116.113 116.014 115.9055 115.8108 115.805 115.80500000000002 115.805 115.80500000000002 115.86 115.9143 116.0014 116.0836 116.1798 116.2812 116.3778 116.4996 116.6719 116.8731 116.9759
104.1894 105.3729 106.396 107.273 108.1007 108.9539 109.7316 110.559 111.6645 113.1368 114.4163 115.2754 115.9407 116.4862 117.0718 117.746 118.3465 118.7536 119.1225 119.3243 119.3642 119.3075 119.1355 118.7193 118.0306 117.4464 116.9719 116.4273 116.0971 116.08250000000001 116.0877 116.1057 116.2653 116.4517 116.6277 116.7796 116.7883 116.7702 116.7928 116.7978 116.7129 116.5194 116.3606 116.2219 116.1067 116.0131 115.9046 115.8107 115.80400000000002 115.80400000000002 115.80400000000002 115.80400000000002 115.8046 115.8635 115.9605 116.0133 116.0731 116.1654 116.2804 116.4266 116.6313 116.8607 116.9216
104.2903 105.4125 106.3678 107.2725 108.0338 108.885 109.716 110.5773 111.6072 112.9586 114.21 115.144 115.9183 116.5354 117.1614 117.7872 118.4047 119.0726 119.655 119.9828 120.0226 119.9884 119.7311 119.1248 118.3953 117.7952 117.2186 116.7131 116.2082 116.0835 116.0977 116.1491 116.2305 116.5016 116.8093 116.897 116.835 116.8262 116.8925 116.846 116.7067 116.574 116.4626 116.2578 116.0974 116.013 115.9077 115.8102 115.80300000000001 115.80300000000001 115.803 115.80300000000001 115.80300000000001 115.8089 115.8767 115.9503 116.005 116.0863 116.1705 116.3064 116.6177 116.8359 116.8875
104.4364 105.5109 106.4106 107.2662 108.0508 108.9311 109.7519 110.6083 111.6503 112.8605 114.1758 115.2238 115.9373 116.5543 117.2014 117.7903 118.4936 119.1961 119.8048 120.3104 120.4828 120.5731 120.2496 119.5093 118.8351 118.2678 117.7124 117.2862 116.6529 116.2588 116.2082 116.3039 116.4225 116.6545 116.9195 116.9969 116.9115 116.9254 116.9748 116.8918 116.7415 116.6755 116.5341 116.2584 116.0909 116.0128 115.9068 115.8095 115.802 115.802 115.802 115.802 115.806 115.802 115.8157 115.9138 116.0119 116.0674 116.0998 116.2753 116.5775 116.736 116.8109
104.5115 105.4988 106.4129 107.2808 108.1119 108.9661 109.7568 110.6475 111.6557 112.8084 114.1844 115.3163 115.994 116.4161 116.9361 117.5426 118.334 119.041 119.7037 120.2328 120.6879 120.8167 120.5421 119.9228 119.4174 119.163 118.6738 118.0048 117.3026 116.796 116.5689 116.6476 116.836 116.9603 117.0564 117.0884 117.0539 117.0578 117.042 116.9585 116.8312 116.7243 116.5334 116.2665 116.1027 116.0113 115.9054 115.8098 115.80100000000002 115.80100000000002 115.801 115.80300000000001 115.801 115.8086 115.879 115.9624 116.0646 116.0806 116.1009 116.3331 116.5875 116.6934 116.7475
104.6265 105.5298 106.4224 107.319 108.1481 108.9667 109.7986 110.7238 111.6651 112.7418 114.0015 115.0993 115.8621 116.3137 116.9084 117.5023 118.0961 118.7511 119.5192 120.1744 120.8069 121.1136 121.0037 120.6179 120.4642 119.981 119.2093 118.4093 117.7137 117.2453 116.981 116.9741 117.0878 117.1408 117.2093 117.2547 117.2537 117.2488 117.2056 117.0907 116.9185 116.7276 116.5279 116.3235 116.1272 116.0086 115.9138 115.814 115.80000000000001 115.8 115.802 115.80000000000001 115.8107 115.8922 115.9741 116.0277 116.0854 116.1095 116.2132 116.4278 116.6166 116.6937 116.7097
104.6992 105.6206 106.4325 107.3196 108.1404 108.9783 109.8153 110.6937 111.6337 112.697 113.8584 114.8505 115.5554 116.0456 116.6197 117.2694 117.8606 118.4947 119.3499 120.088 120.8101 121.2583 121.1912 120.9529 120.6544 120.118 119.3618 118.6264 117.9951 117.4554 117.2095 117.2231 117.2775 117.3175 117.3551 117.3467 117.3214 117.3265 117.3007 117.1626 116.9291 116.7286 116.5254 116.3142 116.1224 116.0033 115.8777 115.8018 115.799 115.799 115.799 115.801 115.8896 115.9689 116.0241 116.0704 116.0899 116.1865 116.3943 116.5281 116.5733 116.6708 116.713
104.7383 105.6295 106.4347 107.3245 108.1445 108.9625 109.8198 110.6617 111.5818 112.6312 113.7661 114.6475 115.3367 115.925 116.1433 116.7352 117.6144 118.3721 119.2634 120.0146 120.6427 120.993 120.9151 120.7959 120.5644 120.1362 119.3899 118.6866 118.163 117.7341 117.5372 117.4933 117.4418 117.4574 117.4237 117.3383 117.3742 117.3854 117.3203 117.2044 116.9653 116.7382 116.5154 116.2581 116.0994 116.0035 115.8593 115.79800000000002 115.79800000000002 115.7981 115.798 115.8038 115.9531 116.0336 116.0752 116.0857 116.1201 116.2909 116.4577 116.5168 116.5827 116.6526 116.6696
104.8348 105.664 106.4386 107.3333 108.15 108.9675 109.8252 110.6704 111.5886 112.5758 113.6076 114.4594 115.2119 115.8295 116.1234 116.8017 117.5822 118.2517 119.1421 119.703 120.1445 120.2893 120.1768 120.2561 120.4902 120.1129 119.2619 118.6651 118.1948 117.9204 117.7922 117.6525 117.5875 117.5375 117.483 117.4251 117.4793 117.4554 117.3247 117.2166 117.0262 116.7516 116.5162 116.2641 116.1022 116.0089 115.893 115.8054 115.79700000000001 115.7983 115.79700000000001 115.8029 115.9703 116.0832 116.1033 116.1193 116.2069 116.341 116.4154 116.481 116.5639 116.611 116.6413
104.9308 105.6665 106.5012 107.361 108.1395 108.9636 109.7981 110.6725 111.5054 112.4772 113.4953 114.3467 115.0955 115.7148 116.3271 116.9825 117.6348 118.1541 118.7246 119.1934 119.3923 119.3928 119.2569 119.2971 119.6038 119.5567 118.9677 118.4464 118.1326 117.8557 117.7103 117.6955 117.6886 117.6349 117.6002 117.6002 117.6121 117.5835 117.3774 117.2105 117.0382 116.7718 116.5264 116.3184 116.127 116.0078 115.9036 115.8113 115.796 115.7985 115.796 115.8002 115.97 116.0798 116.1013 116.1565 116.2574 116.3184 116.3908 116.4833 116.5368 116.5909 116.6485
104.9821 105.6933 106.5042 107.3679 108.1531 108.9733 109.7474 110.652 111.5094 112.4034 113.3284 114.1646 114.978 115.6199 116.2091 116.8045 117.4804 117.9651 118.2946 118.3974 118.4269 118.4692 118.4346 118.5178 118.7336 118.75 118.4878 118.1616 117.9176 117.7501 117.677 117.6796 117.7154 117.781 117.7243 117.6891 117.6814 117.613 117.4522 117.2395 117.0146 116.8026 116.5433 116.3166 116.1183 116.0023 115.9176 115.8083 115.795 115.7972 115.795 115.8255 115.9333 116.0152 116.0662 116.1095 116.1776 116.2575 116.3681 116.4872 116.5656 116.6025 116.6009
105.0582 105.7801 106.5182 107.3627 108.1945 109.0038 109.7497 110.6332 111.47 112.3054 113.221 114.0966 114.9236 115.5931 116.0612 116.6456 117.2117 117.4664 117.682 117.7823 117.6386 117.674 117.6274 117.6842 117.7194 117.7395 117.8071 117.649 117.4401 117.4814 117.6073 117.6902 117.7933 117.9267 117.8965 117.8326 117.7627 117.6482 117.4922 117.248 116.9418 116.7248 116.5191 116.3447 116.1439 116.0363 115.9826 115.8516 115.79400000000001 115.79400000000001 115.8048 115.8384 115.8361 115.9312 116.0157 116.0829 116.1176 116.1959 116.3176 116.4531 116.505 116.5443 116.499
105.0603 105.7843 106.5234 107.3756 108.2321 109.0743 109.7872 110.6152 111.4693 112.3005 113.1698 114.0408 114.9462 115.5668 116.0604 116.5926 116.8813 116.857 116.9592 116.9938 116.8611 116.9393 116.9054 116.7981 116.9309 116.8931 116.8705 116.8462 116.7403 116.983 117.4384 117.7683 117.8877 117.9865 118.0791 118.0312 117.9079 117.7299 117.4593 117.2196 116.9619 116.7408 116.5533 116.3982 116.2371 116.1042 116.009 115.8997 115.8013 115.793 115.8106 115.8017 115.79400000000001 115.8796 115.9898 116.0577 116.0955 116.1557 116.2601 116.3773 116.4399 116.4779 116.4394
105.0641 105.69 106.4802 107.4503 108.4132 109.1626 109.7739 110.5588 111.4029 112.3178 113.25 114.1334 114.9 115.5257 116.0533 116.2412 116.1112 116.2481 116.3564 116.1331 116.0238 116.2383 116.2721 116.1092 116.1947 116.2695 116.129 116.1417 116.1114 116.4613 117.1801 117.7683 118.0291 118.1004 118.1811 118.1286 117.9369 117.733 117.4663 117.2409 117.0281 116.8238 116.6205 116.4414 116.301 116.1381 116.0052 115.9131 115.8262 115.7834 115.7782 115.793 115.8186 115.8908 115.9833 116.0177 116.0718 116.1137 116.1986 116.2834 116.3475 116.37 116.3799
105.098 105.6826 106.4818 107.6709 108.8115 109.5246 109.9582 110.5868 111.4108 112.3575 113.3336 114.1238 114.8149 115.32 115.7376 115.9664 115.9646 115.9211 115.9564 116.0501 116.0859 116.0097 115.9749 116.0533 116.0863 116.0748 116.0266 116.049 116.0511 116.219 117.209 117.9012 118.231 118.2604 118.1931 118.1176 117.9393 117.7251 117.5273 117.331 117.0585 116.8325 116.6432 116.5088 116.3273 116.1307 115.9987 115.9166 115.8714 115.7433 115.6907 115.7743 115.8679 115.8932 115.958 116.005 116.0715 116.1063 116.1674 116.1854 116.1869 116.2007 116.2732
105.1058 105.686 106.6117 108.3579 109.7147 110.2442 110.3781 110.7182 111.4786 112.7538 114.2435 114.8281 114.9638 115.1607 115.3027 115.3857 115.4343 115.4483 115.7026 115.8535 115.8545 115.85549999999999 115.8565 115.8575 115.85849999999999 115.9384 115.985 115.986 116.0127 116.4713 117.5242 118.1834 118.3961 118.3489 118.2282 118.1352 117.9377 117.665 117.4436 117.2946 117.1064 116.9126 116.7072 116.5322 116.328 116.1323 116.0054 115.912 115.8114 115.7151 115.6897 115.7098 115.7669 115.8072 115.892 115.9929 116.0694 116.1016 116.1085 116.1068 116.0947 116.1033 116.1882
105.1747 105.7384 107.1479 109.597 110.9198 111.1278 111.1594 111.2106 111.798 113.2825 115.225 116.6563 117.0598 117.0256 116.9956 116.9329 116.8539 117.0083 117.2099 117.2406 117.1898 117.1184 117.0517 117.2717 117.1639 116.7719 116.4196 116.2504 116.3403 117.2974 118.2141 118.5017 118.5691 118.484 118.3369 118.2216 117.977 117.7308 117.5175 117.2817 117.0552 116.8453 116.6427 116.5035 116.3168 116.1333 116.0135 115.9121 115.8065 115.7112 115.6723 115.6715 115.6967 115.7683 115.8723 115.9649 116.02 116.0694 116.0756 116.0727 116.0854 116.1064 116.177
